-3.514021472125515100e-04
-3.528451470562726094e-04
-3.541977118686168396e-04
-3.554138540058913477e-04
-3.565652320452698657e-04
-3.575777670072791234e-04
-3.585302319849431618e-04
-3.593437071941894172e-04
-3.600899245577157746e-04
-3.606961986610093861e-04
-3.612365351380193690e-04
-3.616502038946822610e-04
-3.619831192291668703e-04
-3.621878999328198676e-04
-3.623337841805153925e-04
-3.623470597204011558e-04
-3.622806086754479151e-04
-3.620904237311168964e-04
-3.618394353471983166e-04
-3.614522443247827443e-04
-3.610011693507619922e-04
-3.604193926525615672e-04
-3.597625834830727462e-04
-3.589983964661097463e-04
-3.581467082387391901e-04
-3.571921895863966489e-04
-3.561676259584135276e-04
-3.550126539883476703e-04
-3.538010592735754646e-04
-3.524605964727293593e-04
-3.510736326095207347e-04
-3.495679956881063552e-04
-3.479782314503990291e-04
-3.462935581043367385e-04
-3.445492548470746336e-04
-3.426708759715181921e-04
-3.407381480625066347e-04
-3.387025897285231464e-04
-3.366115088326967412e-04
-3.344091627766119352e-04
-3.321333978507718309e-04
-3.297693249137575674e-04
-3.273479691223189834e-04
-3.248224626864722533e-04
-3.222302851690995529e-04
-3.195398979947815395e-04
-3.167981689535017678e-04
-3.139639512061666781e-04
-3.110800051934029821e-04
-3.080988030155089362e-04
-3.050699995923889939e-04
-3.019372655614336893e-04
-2.987779071051825425e-04
-2.955083836715363720e-04
-2.922099621013431268e-04
-2.888164847317465571e-04
-2.853766529908359365e-04
-2.818612753599674162e-04
-2.782985898659698820e-04
-2.746502367996704564e-04
-2.709796600395291311e-04
-2.672312636781786193e-04
-2.634401068762014502e-04
-2.595800052814470783e-04
-2.556793436117929660e-04
-2.517114974419432712e-04
-2.477088121480838312e-04
-2.436382088987864398e-04
-2.395464087929863458e-04
-2.353774491956952002e-04
-2.311956541316635878e-04
-2.269386799052951654e-04
-2.226736376712613896e-04
-2.183356166406177207e-04
-2.139952485531986665e-04
-2.095961307008705539e-04
-2.051762560651850897e-04
-2.006938910428547867e-04
-1.962142398049210128e-04
-1.916839801552678495e-04
-1.871345039782661439e-04
-1.825419006330166100e-04
-1.779504708161547689e-04
-1.733091660428158530e-04
-1.686769561144815690e-04
-1.639736743731674265e-04
-1.592951834190433529e-04
-1.545744454429622342e-04
-1.498611887103526766e-04
-1.451043647363498858e-04
-1.403794460653875814e-04
-1.355984914139128021e-04
-1.308608839672585264e-04
-1.260638666459771391e-04
-1.213101965295162961e-04
-1.165125190985168418e-04
-1.117592890552013767e-04
-1.069421017147564570e-04
-1.021769163509913354e-04
-9.736009573816757298e-05
-9.259828426851707467e-05
-8.780214709352645685e-05
-8.305874535045795195e-05
-7.827801073555584808e-05
-7.354854464209122772e-05
-6.879680351291765693e-05
-6.409177614812681402e-05
-5.936622670565613359e-05
-5.469283326546613231e-05
-5.000411794526426383e-05
-4.537104987429648194e-05
-4.072377477528514361e-05
-3.611577620449952196e-05
-3.152503583556545230e-05
-2.699279585675805080e-05
-2.244944403102964520e-05
-1.796258292806397183e-05
-1.347679266975207278e-05
-9.055165076037468587e-06
-4.641561482673739736e-06
-2.878811826067525772e-07
4.059418056852135373e-06
8.333621146862389207e-06
1.261168221144719512e-05
1.679368997749905508e-05
2.097547770697822775e-05
2.506903810535990142e-05
2.914770936232268008e-05
3.318127312188337878e-05
3.715747334694299847e-05
4.106065076807821574e-05
4.496047629875608138e-05
4.876116068433087485e-05
5.255138599815031185e-05
5.623154168375626484e-05
5.991127929987411822e-05
6.350112464149441905e-05
6.706788814663921378e-05
7.052649634175294445e-05
7.397152828033152182e-05
7.730808952312484713e-05
8.062176696235808372e-05
8.381816490834591987e-05
8.700319429807795940e-05
9.007783867384231335e-05
9.311727719797576472e-05
9.605131820378925154e-05
9.896885646665075234e-05
1.017578933710595244e-04
1.045183988665424063e-04
1.071573708283744949e-04
1.097893749654046481e-04
1.122744680174000520e-04
1.147503928788665763e-04
1.170870345898184081e-04
1.194054866107609490e-04
1.215880293753034071e-04
1.237420407309199749e-04
1.257664505452203555e-04
1.277573414549471791e-04
1.296368205133670520e-04
1.314677448347460113e-04
1.331627598997248607e-04
1.348374582544917364e-04
1.363645120689815752e-04
1.378633278566424741e-04
1.392167728152774603e-04
1.405412462918412459e-04
1.417302505851502725e-04
1.428761277102115251e-04
1.438798612093130063e-04
1.448560901368278894e-04
1.456859947435018695e-04
1.464885414696376928e-04
1.471294346603683469e-04
1.477556587462527883e-04
1.482366586941598395e-04
1.486628695354662885e-04
1.489431227835530055e-04
1.492015190654188853e-04
1.493215856885850626e-04
1.494115073012922926e-04
1.493373549762947339e-04
1.492277767630935837e-04
1.489835361674043046e-04
1.486850198837840354e-04
1.482324046537544196e-04
1.477721614892047743e-04
1.472126084848463033e-04
1.466928821001453121e-04
1.461416171400249783e-04
1.456602504644967833e-04
1.451158799836541643e-04
1.446571770751133555e-04
1.441485258645712377e-04
1.436992845286562317e-04
1.432033954393303193e-04
1.427953009425089270e-04
1.423202419820646276e-04
1.419386252194906092e-04
1.415000189845891257e-04
1.411244165550020661e-04
1.406908711612724972e-04
1.403603762290875346e-04
1.399525017688388448e-04
1.396272143688742650e-04
1.392312218835509705e-04
1.389201635152872256e-04
1.385693518728902621e-04
1.382742094833846298e-04
1.379220776215515053e-04
1.376494523079848178e-04
1.373312794238706555e-04
1.370912928685867420e-04
1.367973973529930636e-04
1.365801479102207706e-04
1.363078159787509927e-04
1.361020817832829782e-04
1.358315834899190006e-04
1.356601016542668579e-04
1.354216553549918080e-04
1.352655760794282199e-04
1.350466396895985948e-04
1.349165980751370025e-04
1.347318406995990693e-04
1.346235827058340801e-04
1.344470400290100228e-04
1.343801489109113228e-04
1.342307440780527469e-04
1.341799889752848891e-04
1.340476736495721185e-04
1.340192889316947102e-04
1.339174853440620579e-04
1.339105908647843430e-04
1.338206692520771130e-04
1.338329179546237063e-04
1.337633130521284500e-04
1.338131880086055518e-04
1.337674937470096357e-04
1.338268302761125132e-04
1.338236764185705789e-04
1.339083171535331918e-04
1.339123511573658820e-04
1.340402657516247915e-04
1.340625627909910068e-04
1.342074935468715144e-04
1.342513541703616573e-04
1.344093404295552800e-04
1.344846662829405314e-04
1.346791786132012041e-04
1.347699803721991900e-04
1.349943443308218734e-04
1.351127240069307459e-04
1.353556443831838911e-04
1.354928738590201350e-04
1.357223720043389942e-04
1.359158574972604155e-04
1.361696330110997587e-04
1.363519699843380724e-04
1.366681625392980202e-04
1.368774173199290858e-04
1.372146600403433220e-04
1.374385105802963932e-04
1.377897622958387347e-04
1.380387703506030458e-04
1.384237610072916740e-04
1.386878782400475759e-04
1.390912786233181975e-04
1.393802599887884297e-04
1.398108715615487398e-04
1.401152554871074724e-04
1.405657436969344053e-04
1.409080472585205561e-04
1.414004891082076246e-04
1.417568016649219348e-04
1.422650861478428816e-04
1.426420821423903364e-04
1.431797781805279430e-04
1.435851588929527791e-04
1.441395043650908129e-04
1.445726096856750039e-04
1.451491788516550460e-04
1.455855113753053783e-04
1.461919321696474581e-04
1.466405133958443836e-04
1.472808198223811644e-04
1.477648269367816815e-04
1.484002925587192231e-04
1.489141513014817508e-04
1.496039659568744896e-04
1.501327871865801398e-04
1.508452656089602647e-04
1.513992443534771819e-04
1.521351199980869805e-04
1.527089020341462593e-04
1.534620872224745928e-04
1.540704883459709143e-04
1.548348220539823555e-04
1.554410228117517328e-04
1.562614658457999101e-04
1.568983983782220812e-04
1.577116535508956612e-04
1.583634752247367204e-04
1.592003476562126496e-04
1.598870084540634541e-04
1.607580598998310480e-04
1.614608567130126947e-04
1.623555987631068991e-04
1.630906676069501760e-04
1.640170949235121914e-04
1.647658793803866639e-04
1.657333801905180317e-04
1.665087890726883735e-04
1.674646279444670486e-04
1.682639474675367034e-04
1.692433302525935207e-04
1.700482973810289635e-04
1.710447696732315590e-04
1.718812753770863715e-04
1.729029785296244410e-04
1.737614878907485592e-04
1.748047546274105835e-04
1.756868812473370508e-04
1.767280209637963652e-04
1.776656701455657224e-04
1.787328475231270597e-04
1.796747507453018368e-04
1.807686258936832505e-04
1.817765400876659174e-04
1.828863312148054979e-04
1.838938053356427868e-04
1.850078505031877330e-04
1.860883767661591220e-04
1.871830587153070847e-04
1.882946101350281771e-04
1.893801238936472736e-04
1.905909118076529575e-04
1.916514147425092825e-04
1.928848664235023255e-04
1.939167646039085396e-04
1.952608213354419843e-04
1.962708625496273611e-04
1.977767928531386503e-04
1.986302413730907997e-04
2.000788888221776871e-04
2.006757013528454958e-04
2.027516730706802831e-04
2.040765866203894197e-04
2.064298777653416652e-04
2.048123889194750113e-04
2.041533793842593004e-04
2.047621472353767385e-04
2.183761033699932539e-04
2.284696210325692803e-04
2.185106924069571757e-04
1.632135213600371438e-04
1.413567018302417158e-04
2.531900698649164035e-04
5.163963512098693675e-04
4.627504079499622221e-04
-4.740021981311945084e-04
-2.096991811624151440e-03
-1.207301801238973857e-03
4.227217213732620271e-03
7.093095290057247967e-03
4.107391897341160746e-03
4.678115425039995113e-04
3.070768064808739733e-03
6.839762783184275344e-03
8.416618942082211563e-03
8.434375893498541679e-03
6.857048856335042075e-03
3.022110644033880640e-03
3.745040803616927279e-04
4.178780562985697118e-03
7.503584518244784535e-03
4.451822479130029299e-03
-3.021069137589800589e-03
-7.462533028332682915e-03
-7.774075477056362378e-03
-6.901087709449072599e-03
-6.603139120186371329e-03
-7.168084487486285628e-03
-7.498325644157421109e-03
-5.471945769076199187e-03
6.053486294688624426e-05
5.909398278881543461e-03
8.701243583413106886e-03
8.339510792458140406e-03
4.943390050168262537e-03
-3.881985698819149047e-04
-1.601306622855588977e-03
3.610512643438117206e-03
7.406100981989336730e-03
6.319869904143265125e-03
3.861553836134113543e-03
4.725840624201877067e-03
8.260928397797025202e-03
1.347479033694056784e-02
1.908196031522052874e-02
2.207598329075013965e-02
1.856467633647641488e-02
1.471923651201585692e-02
1.397158891076695497e-02
1.473625267363745141e-02
1.498198951802106119e-02
1.289767107952878751e-02
9.127571777558332947e-03
7.157648886298695855e-03
7.500672700932814289e-03
8.023919670796908488e-03
5.998565166144436724e-03
3.203482390173315649e-04
-5.371597356644287544e-03
-7.463816575006726114e-03
-6.960337690833376216e-03
-6.526103582631287946e-03
-8.264830379686116668e-03
-1.206848525899226199e-02
-1.481069104617951417e-02
-1.528396037583259343e-02
-1.241466146425782881e-02
-5.850314058382002913e-03
-4.770899713557961845e-04
-2.750395548422887495e-03
-1.176297181236037222e-02
-1.815320794554039358e-02
-1.777122445534524281e-02
-1.475074574922550369e-02
-9.620607725991669329e-03
-2.695401074354468376e-03
4.956081759681198792e-04
-1.005760769391250817e-04
-1.009314360040243882e-04
4.619427270371302338e-03
1.213261858537986737e-02
1.198905205625006888e-02
1.346749245727957896e-03
-1.069379943653995212e-02
-1.595628212369623600e-02
-1.539661910105143833e-02
-1.078322963423483487e-02
-3.347133266655979381e-03
3.787533533080168595e-03
1.124777818105684307e-02
1.850340348553381961e-02
2.596512971309996101e-02
3.029293371221824724e-02
3.043622886290838978e-02
2.557587034690109520e-02
1.524740496655585358e-02
5.121055646968304675e-03
-2.986481588728178219e-03
-1.504925469829333090e-02
-2.991870284393431667e-02
-3.741978627980281635e-02
-2.975831085154591674e-02
-1.405055270215407187e-02
-2.014580047142935579e-03
1.223762003786899380e-03
7.805665394342662516e-04
3.826067804600661541e-03
1.071450487803036859e-02
1.478840867591813164e-02
1.533890350803405155e-02
1.553025464620035739e-02
1.589429782116860007e-02
1.243975296809726044e-02
9.400175087467763915e-04
-1.497175048283841230e-02
-2.673845558238214029e-02
-2.657165319117595764e-02
-1.558141314935149180e-02
-2.842020977658004256e-03
6.397454799674837968e-03
1.255668773737877650e-02
1.121714175558554717e-02
4.049707842899191029e-03
3.910588986358762108e-05
7.665054689839375214e-04
1.588110296135944108e-03
-3.399539377174285327e-03
-1.495901769983190750e-02
-2.186394138019825961e-02
-1.507062758405424731e-02
-3.425233781222896019e-03
1.865441458537306666e-03
1.192544681763692835e-03
-2.733673502353457167e-04
2.424041704535995559e-03
1.064543539786201760e-02
2.048820671674944638e-02
2.778059279797100850e-02
2.281949420443240770e-02
5.126119421961213528e-03
-1.054411589068928769e-02
-1.862252395143742037e-02
-2.493426570458540451e-02
-3.218040743277930660e-02
-4.034273010780015101e-02
-4.317646377467529439e-02
-3.808563161787686252e-02
-3.095745883085613409e-02
-3.446674144866108264e-02
-4.853938582271353358e-02
-5.825090532598956039e-02
-5.980493562429155946e-02
-5.447149114244175666e-02
-4.241034043587259966e-02
-2.812266165387964159e-02
-1.702473571337919517e-02
-9.568884462303955257e-03
-1.128203787542515291e-03
7.596505962893063818e-03
1.512631884060286133e-02
2.169025184426678562e-02
2.841571369594468252e-02
3.773561210714158898e-02
4.996564088325267106e-02
5.934822771400984076e-02
5.690924699309846818e-02
3.557420018813009510e-02
-1.518027914277962284e-03
-3.875779934013962036e-02
-5.800122982695474216e-02
-5.387802316767888872e-02
-3.363307421659404023e-02
-9.899878144053702103e-03
1.260679739953340928e-02
3.171563151483217796e-02
4.782096641287069544e-02
6.063703326214005263e-02
7.034110086015420149e-02
7.413046803134014373e-02
6.999429388338024305e-02
5.803843067684471418e-02
4.358582714906588523e-02
3.282582604235501772e-02
2.551106957624298816e-02
1.493312672977835549e-02
8.002598126902951562e-04
-1.128460496877323888e-02
-1.737812911822909229e-02
-1.818069784802217939e-02
-1.462352060289437601e-02
-1.212958941522912504e-02
-1.643170781176170672e-02
-2.866837435781569715e-02
-4.021906955394665556e-02
-4.074814015843469112e-02
-3.084312782768481795e-02
-1.978878379768244170e-02
-1.387807336737240625e-02
-1.496259696141438028e-02
-1.868033489363631061e-02
-1.738272054804595318e-02
-7.156176841627379104e-03
1.128335076030888805e-02
2.610006347402777163e-02
3.171374653485944245e-02
3.243251066866617571e-02
2.700976067651268686e-02
7.166747398579553265e-03
-2.865449005007876179e-02
-7.027235410029246399e-02
-1.012182903492919034e-01
-1.080756567917468686e-01
-8.911393179439824896e-02
-5.874326649559996616e-02
-2.759692827074411436e-02
4.003885226635861549e-03
3.528939218298862007e-02
5.869832769290361796e-02
6.737247010511336620e-02
6.282611111289149175e-02
5.636702553611581262e-02
5.264543696387175703e-02
4.882163406905935116e-02
3.739643306488766444e-02
1.497136175155998512e-02
-1.513739401476174758e-02
-4.265700876841393985e-02
-5.353291780706709302e-02
-4.163185104168455608e-02
-1.745719559335013119e-02
3.078144424180652948e-03
1.360663625129824791e-02
1.504842589386952076e-02
1.463590132738457235e-02
1.918979290494497378e-02
2.706463779774233649e-02
2.699439478918628718e-02
1.531048211739453012e-02
2.392213414295944578e-03
1.165043043998029550e-03
1.506250823452187464e-02
3.683680671500498549e-02
5.462598615468198388e-02
6.098008494807337365e-02
5.832700864193166024e-02
4.855599124939943834e-02
3.276081990422905627e-02
1.370866721005602022e-02
-8.404626948870440664e-03
-2.881769117604520564e-02
-3.708164140944054943e-02
-2.885903604805423184e-02
-1.546257873099239448e-02
-8.479659420158772859e-03
-6.058555937323471634e-03
4.396144424775778187e-03
2.937561590976572878e-02
5.742251897166714830e-02
6.993002120049660042e-02
5.792967393351496075e-02
3.022992990690379772e-02
4.277246195810598811e-03
-9.430063388591904128e-03
-1.372943866251824345e-02
-1.347059497295455266e-02
-1.224598142763133092e-02
-1.287759640954675745e-02
-1.790490400780870087e-02
-2.520716973114418141e-02
-2.513675802788240335e-02
-1.520207743258108167e-02
-3.247463300323204585e-03
5.878927614295008895e-03
1.346952412830077980e-02
1.447756300967464535e-02
4.083885390280361620e-03
-1.932749179213628932e-02
-5.344052445019328162e-02
-8.397351072866723887e-02
-1.000526832782125397e-01
-9.988714243002311255e-02
-8.610874563008066862e-02
-6.176473536629683431e-02
-2.983918896111546412e-02
4.843896113093642403e-03
3.757777253899644010e-02
6.332800720065194511e-02
8.471488728759438147e-02
9.977991127359736589e-02
1.055780950006321856e-01
9.856721637596169150e-02
7.160511562109432571e-02
2.860871510840618664e-02
-1.385972231720980496e-02
-3.620281533810446734e-02
-3.157788862032633037e-02
-1.412502774745824988e-02
1.993504210755151721e-03
1.169638141091103138e-02
1.852675670044897846e-02
3.154795631188764965e-02
4.872090866063288894e-02
5.761306330906691697e-02
5.061723518596863286e-02
2.971323269235353823e-02
4.092588570185614304e-03
-1.863884333057881995e-02
-3.646263452314043446e-02
-4.692731721108752557e-02
-5.359507813885287797e-02
-5.676573180583563416e-02
-5.753432688880492224e-02
-5.681361176405364671e-02
-5.263599739490322504e-02
-4.563480771398365637e-02
-4.170733825522311700e-02
-4.137198784933405343e-02
-4.187955354611755387e-02
-4.198646931678911426e-02
-4.203024926020260815e-02
-4.269264735863779331e-02
-4.301987108044207087e-02
-3.930369540788625216e-02
-2.858958659568673275e-02
-1.421935742617176472e-02
3.501992072696385582e-04
1.537837806917518452e-02
3.252199954278044147e-02
4.925858269511322607e-02
5.698764602394901235e-02
5.244945038857404263e-02
3.961713750568752329e-02
2.458745139325902579e-02
1.027307484044597680e-02
-1.549981625364448348e-02
-5.584932348788358009e-02
-9.793776508701108885e-02
-1.256709546726715865e-01
-1.325248005299634602e-01
-1.229738930556485282e-01
-1.033392962190045339e-01
-8.336305593049245233e-02
-6.440018674296582590e-02
-4.222080093215480057e-02
-1.118974720228526135e-02
2.949832297180422086e-02
7.070141074793907798e-02
1.013569867356127613e-01
1.166662513173050558e-01
1.162446612440251603e-01
1.003330832173477266e-01
7.058062533863544707e-02
3.382739584849170367e-02
-5.963145145582792557e-04
-3.035839459259443221e-02
-5.282935086588103069e-02
-6.354100993757123839e-02
-6.532031367899640562e-02
-6.281820446537939029e-02
-5.588546082767220646e-02
-4.325203900284294023e-02
-2.453541274381711851e-02
-1.986886977559029592e-03
1.708212858608996673e-02
2.850679416793475834e-02
3.095222196042603582e-02
2.663354947907451559e-02
1.974659545214476133e-02
1.530525991606927934e-02
1.046826194952956562e-02
3.601627566632772427e-03
2.212711245569158342e-03
8.550445185594130609e-03
1.551215297082014083e-02
1.343403222912538907e-02
1.581453456356736714e-04
-1.302481554578325922e-02
-9.718949404880621382e-03
1.547233368571511967e-02
4.874028654813471889e-02
7.097045679992330935e-02
7.579262430146350982e-02
6.988414357509009633e-02
6.178209625188230830e-02
5.834922500122123601e-02
5.647730786634957284e-02
5.064700613425399817e-02
4.217259825363017106e-02
3.752595392612721736e-02
3.820569824104304291e-02
3.173282370571193362e-02
1.275260096715225347e-02
-1.428298466844217345e-02
-3.582686818455353001e-02
-4.288100599941547381e-02
-4.566734378853253701e-02
-5.746643827157667944e-02
-7.847663041517345672e-02
-1.026263777234790175e-01
-1.297595275754055422e-01
-1.547725517039102161e-01
-1.688874577690245848e-01
-1.716925573432399321e-01
-1.719594617059166108e-01
-1.772170155738445885e-01
-1.873984011744493638e-01
-1.966939195333918811e-01
-1.970585934798685102e-01
-1.900216771940959892e-01
-1.826365163592746366e-01
-1.745837645629025325e-01
-1.629141249301261085e-01
-1.457598536864025129e-01
-1.323801631561798975e-01
-1.243888015635891131e-01
-1.105507015069226301e-01
-8.647224604816960980e-02
-5.798060506554097993e-02
-2.877529012848725407e-02
5.517852732692393909e-03
5.005424961107617088e-02
9.958679250829709229e-02
1.463161794876947919e-01
1.852063968372811009e-01
2.114886652626035701e-01
2.227418490087962610e-01
2.148896972211959688e-01
1.870875628427583204e-01
1.459148327791026378e-01
1.009863718016734274e-01
5.958452498942490988e-02
2.638582497098424309e-02
4.860803723339376589e-03
-1.161256948037224512e-03
4.316200737184935562e-03
1.310376466806553036e-02
1.410785756023576892e-02
3.814710983628730352e-03
-1.436876225903034945e-02
-3.879598302005429072e-02
-6.958920655305232683e-02
-1.070454455583979697e-01
-1.442903761084340375e-01
-1.799602848711331637e-01
-2.106287623365190875e-01
-2.293881270325143218e-01
-2.349363492129698527e-01
-2.282838368196920820e-01
-2.116299287422725162e-01
-1.875212549275362961e-01
-1.567504604558481174e-01
-1.115798859029322881e-01
-4.149842086400348795e-02
5.618077191188355912e-02
1.752972698226218651e-01
3.027736979197642175e-01
4.155133232518374298e-01
4.895003274377817126e-01
5.127644275409976027e-01
4.909304184692381279e-01
4.469861810814649283e-01
4.011140565892793997e-01
3.613762583616794144e-01
3.283760533354651567e-01
3.002322021596351420e-01
2.833103628821996844e-01
2.884313473840094955e-01
3.165383057611512174e-01
3.573187106156951454e-01
3.974026263721413543e-01
4.283785682751036772e-01
4.464638142578916113e-01
4.551863573815413955e-01
4.573486567813960790e-01
4.523691557958279263e-01
4.452686489405471293e-01
4.453448549402231893e-01
4.585879027588033452e-01
4.815483523917030162e-01
4.961323030842746951e-01
4.727779879862545331e-01
4.013668786113037124e-01
2.948325046657474524e-01
1.726137037820573150e-01
4.343697240763903095e-02
-8.083886971408189848e-02
-1.751783033823191560e-01
-2.268415704312133074e-01
-2.462292862332957077e-01
-2.553753997593796732e-01
-2.703051745987006260e-01
-2.994573066961344066e-01
-3.440601868915021955e-01
-3.979791221925971234e-01
-4.514051022253353640e-01
-4.988942021447180242e-01
-5.373830727857121792e-01
-5.657893542472407500e-01
-5.768799309662132613e-01
-5.376452830348381617e-01
-4.143712600940362423e-01
-2.237408150488227332e-01
-3.431576702158395387e-02
1.044770319908761153e-01
1.900782999388023753e-01
2.408719824524135356e-01
2.696502724128418405e-01
2.739878533703401509e-01
2.476699390202413975e-01
1.846296809802526195e-01
8.432410233449150194e-02
-3.514429273240239626e-02
-1.453284353128756479e-01
-2.295469934379986976e-01
-2.789840771354329951e-01
-2.964717771323107653e-01
-3.018419163799334060e-01
-3.102158482269131157e-01
-3.273244985545650243e-01
-3.583658646651414204e-01
-4.037082877813305548e-01
-4.499103937870314596e-01
-4.756195402860127208e-01
-4.704873339189956094e-01
-4.292838720806871344e-01
-3.542717175025659193e-01
-2.571038603834078784e-01
-1.565472200082039800e-01
-6.776766312422252692e-02
6.628518138480787511e-03
7.356578084028553288e-02
1.289527268088643264e-01
1.605502720296845542e-01
1.606940292571773787e-01
1.339496106836752520e-01
1.007828379719323403e-01
7.692837974418084701e-02
6.385870607577789904e-02
4.794106237424657080e-02
1.977244974943619463e-02
-1.642166680949447982e-02
-5.166835722827579913e-02
-7.447299162949901075e-02
-8.077806627449438115e-02
-7.140257195593036066e-02
-5.585566787572956299e-02
-4.404106814886298016e-02
-3.774635722644143626e-02
-3.176593187534981766e-02
-2.337687618127362241e-02
-1.271883268779629324e-02
-1.113599226757634730e-02
-3.384851202491781508e-02
-8.335968203637782181e-02
-1.375714126702030082e-01
-1.705728645703291912e-01
-1.740101292178916903e-01
-1.508041187698666852e-01
-1.068588545447542587e-01
-4.998420463543554182e-02
2.151227892972021327e-02
1.032550955571873291e-01
1.855511941466911341e-01
2.584756417231006131e-01
3.194999246840755647e-01
3.719647849672905737e-01
4.177622437158089452e-01
4.599782405161266241e-01
4.976308988353629337e-01
5.235294968234329716e-01
5.237622221718178928e-01
4.660280727367980824e-01
3.249114308073645097e-01
1.293891326780388928e-01
-4.374125364946383765e-02
-1.292601912464407810e-01
-1.259493009371283057e-01
-7.913483314962262150e-02
-3.943543130395758822e-02
-2.443084402992095477e-02
-2.809905172962967601e-02
-4.037198030286347911e-02
-5.464387512804192576e-02
-7.382813778045987929e-02
-1.038385592024450854e-01
-1.426525705523553622e-01
-1.851137614401773268e-01
-2.248790642393639350e-01
-2.590926976184562136e-01
-2.920675984388107493e-01
-3.257433157431927073e-01
-3.606062037027779055e-01
-3.966490011106675873e-01
-4.287703067200215323e-01
-4.549910382505141793e-01
-4.752366766495267902e-01
-4.871595783774728683e-01
-4.792937843223656347e-01
-4.430552277103034231e-01
-3.886616735219095009e-01
-3.299589230938947959e-01
-2.681006281768888444e-01
-1.961994973545505838e-01
-1.161790169998383887e-01
-4.144447523093156699e-02
1.639247529085053473e-02
5.074251667590763681e-02
6.055018482689810549e-02
5.074348483682748767e-02
2.827693662954716691e-02
3.696847660010450873e-03
-1.162518491053997870e-02
-1.528791369958864416e-02
-1.119494739995324090e-02
-6.872441881505405529e-04
1.705287839102663516e-02
4.599520561639761085e-02
8.592208127091273406e-02
1.305259149580954847e-01
1.743569068564559676e-01
2.137914213413606712e-01
2.471344433478306901e-01
2.761690025699222173e-01
2.974581277421695091e-01
3.049929134464222091e-01
3.012497979628163680e-01
2.896928904007829986e-01
2.721620632356573921e-01
2.473126729717121108e-01
2.140228264703095407e-01
1.728502430977023330e-01
1.320276645667255999e-01
1.024169762517994492e-01
8.787901320292057505e-02
8.492678250709780052e-02
8.899540542724092285e-02
1.003814179178159627e-01
1.193325078141510703e-01
1.434817417037870524e-01
1.641640793540711518e-01
1.766225500999521747e-01
1.838687211663557475e-01
1.904057143589696355e-01
2.024785343384439551e-01
2.170352738415259886e-01
2.215008427388073797e-01
2.039177202149050072e-01
1.625094776729435753e-01
1.067980511051667275e-01
5.483107490953675889e-02
1.823745994922456801e-02
2.470561103279519943e-03
8.851418544276119836e-04
-8.698757170141675375e-04
-1.113226631494541180e-02
-2.696306158123479291e-02
-4.239746096181763735e-02
-5.377112940066459262e-02
-6.183215457216998528e-02
-7.452000611053108403e-02
-9.764152251464199017e-02
-1.240287483851390538e-01
-1.443534532592727071e-01
-1.557597824600597258e-01
-1.554257669427116795e-01
-1.433131203435799306e-01
-1.234133794368407894e-01
-1.033767024363623499e-01
-9.483018857086700226e-02
-1.021955461141460103e-01
-1.253984760501533346e-01
-1.562201723156578514e-01
-1.861589351604693576e-01
-2.102095193200145817e-01
-2.277118884217386174e-01
-2.459568809563016933e-01
-2.681553439379651960e-01
-2.850066248210905151e-01
-2.863621967999281925e-01
-2.668799386171120114e-01
-2.291884805155574856e-01
-1.875852122246657594e-01
-1.533940225759882203e-01
-1.281431389124023379e-01
-1.113379923640183955e-01
-1.024151426136936799e-01
-1.007597341317995748e-01
-1.032784194338927791e-01
-1.099425204199990097e-01
-1.152489957525890674e-01
-1.129887800778859586e-01
-9.546132680687492711e-02
-5.949440534380225770e-02
-1.090042111285115765e-02
4.503386583030163925e-02
1.010658783499398528e-01
1.501860360371718717e-01
1.906185630702880718e-01
2.234890198641376613e-01
2.440504840904890171e-01
2.451516937912935346e-01
2.228184217360934249e-01
1.774519412879565217e-01
1.130495101719492385e-01
3.520429670577579495e-02
-3.856850187665178398e-02
-8.536150142921504480e-02
-9.470990191112813039e-02
-7.333337821220710373e-02
-4.183671975996663961e-02
-1.486907408346740608e-02
6.387832600350969864e-03
2.831288327097278984e-02
5.132531287689489491e-02
7.469148794618321596e-02
9.792940369724874305e-02
1.205550310120337282e-01
1.445924129772173938e-01
1.644296634973116678e-01
1.737041316907999011e-01
1.741645948919222364e-01
1.724501432630221598e-01
1.755054244203895220e-01
1.868652525588140600e-01
2.025157938647532962e-01
2.160242791355256042e-01
2.230378715445926474e-01
2.242732302092157182e-01
2.248730499063769928e-01
2.281799795573809797e-01
2.343143058219665231e-01
2.422464042309786236e-01
2.465075591522281895e-01
2.441043197052746028e-01
2.342603235161325181e-01
2.171059055813604477e-01
1.937608320193933975e-01
1.719765512130624618e-01
1.516569805256249570e-01
1.293333167340990908e-01
1.035984259561127246e-01
7.476204634049345155e-02
4.101332090129193586e-02
1.352062395503253207e-03
-3.647569002645355968e-02
-6.531415998951341229e-02
-8.832194682375169026e-02
-1.063464627124763306e-01
-1.167433374632718679e-01
-1.257304378928229549e-01
-1.375872553034369061e-01
-1.529749995960563713e-01
-1.680187533800323874e-01
-1.827025273310825537e-01
-1.968077517869984139e-01
-1.979425537379007616e-01
-1.741356234098509759e-01
-1.206916003781518948e-01
-4.217546606362760492e-02
3.888485579176501755e-02
1.027754891742406890e-01
1.498603085640619059e-01
1.848246333836586486e-01
2.033908059688293857e-01
2.008038359836770703e-01
1.747410173668538236e-01
1.292263056142460287e-01
7.310580171962310914e-02
1.833236172302708453e-02
-2.716261274901013087e-02
-6.498055520710104005e-02
-9.849819823766030324e-02
-1.246422103498072975e-01
-1.384435642988340598e-01
-1.369778273426013604e-01
-1.169476047482552461e-01
-8.272208939423757179e-02
-3.991250726631825896e-02
1.305343496933820307e-03
2.736971117122883809e-02
3.157549755623639820e-02
1.839348788292121534e-02
-6.664717088509766046e-03
-4.236406674463524813e-02
-8.492326192193470902e-02
-1.255497145211177112e-01
-1.552371955999137243e-01
-1.718180515351992177e-01
-1.780055533048522931e-01
-1.742358867414747770e-01
-1.595083988579829581e-01
-1.344995554243594293e-01
-9.537411897856425125e-02
-4.203729043052878422e-02
1.407609161369131369e-02
5.977737237628553274e-02
8.876598062744629758e-02
9.983338016076177823e-02
9.626152647623535674e-02
8.631829379280869796e-02
7.586274262262837631e-02
6.559652558869799588e-02
4.858560817208392585e-02
2.018330203796867353e-02
-1.573944341585964760e-02
-5.410178569300287676e-02
-8.483297358160632462e-02
-9.947655418537787453e-02
-9.359475656071970795e-02
-6.982951582864284357e-02
-3.852126735904700533e-02
-1.362602147335250638e-03
3.835998055126299544e-02
7.363582581592613419e-02
1.078862786481823710e-01
1.419683301568041844e-01
1.641371615466783451e-01
1.671159433222727531e-01
1.542986662718535962e-01
1.310749795524888961e-01
9.874317228859191831e-02
5.907792011900884349e-02
2.080382717662037154e-02
-9.628404355217428517e-03
-3.463750449817574323e-02
-5.305070032345782921e-02
-6.232772827574171309e-02
-6.516410238148916123e-02
-6.361763400673538238e-02
-5.275214736707546648e-02
-2.727910011059383674e-02
8.347402770865397850e-03
4.441332602254509376e-02
7.253388999443172169e-02
8.989674857451591949e-02
9.817533123999534761e-02
9.980272173163322325e-02
9.823833504530980754e-02
8.994456985631454904e-02
7.324822405857490948e-02
4.801216352543611482e-02
2.002072434895819583e-02
2.101041218016946183e-03
-1.796627954248521857e-03
4.829050978989283399e-03
1.742102158079939303e-02
2.506411662068400159e-02
1.891091855271379019e-02
3.547322540492124903e-03
-1.621511114415508104e-02
-3.891928418083905744e-02
-6.155420437354410662e-02
-8.597342313787444124e-02
-1.163135326912780737e-01
-1.487136979837583584e-01
-1.751312889012870688e-01
-1.970165664944841244e-01
-2.142765286386246470e-01
-2.266925323259758873e-01
-2.338485617430995367e-01
-2.362031731074879792e-01
-2.346797865692097085e-01
-2.270104851735173512e-01
-2.117765464452103230e-01
-1.927269535098329600e-01
-1.785449362900471959e-01
-1.746259382393353377e-01
-1.812241749446820982e-01
-1.962186405363748887e-01
-2.124417903499856708e-01
-2.266680349208827217e-01
-2.403282720812889850e-01
-2.504168755937415392e-01
-2.456948907437484786e-01
-2.221030094927440579e-01
-1.825310454954304218e-01
-1.390463911624888194e-01
-9.880551598418828296e-02
-6.533566489721795434e-02
-3.705488496220107203e-02
-8.525559049222544705e-03
1.892937962116273548e-02
4.261333884328679517e-02
5.749158111728307208e-02
6.424021282006554812e-02
6.662493985670324415e-02
6.392293475134699920e-02
5.953613161253728386e-02
4.964041215970749210e-02
2.918685386860477710e-02
3.898008028587415102e-03
-1.325226001642365245e-02
-1.333355619548131504e-02
6.268307267153615074e-03
3.955210936390429755e-02
7.326582698439033925e-02
1.038730315988336678e-01
1.338254367111521292e-01
1.602411206450508330e-01
1.772398993774046416e-01
1.870706933721851817e-01
1.903375030214347896e-01
1.847576689200357281e-01
1.677992302260089552e-01
1.436662790427522818e-01
1.194468534864272513e-01
1.006266120053202762e-01
8.612341473492687860e-02
7.547877880327898137e-02
7.154185510644507640e-02
7.526255619784594231e-02
8.682731173097198163e-02
1.022049343412475830e-01
1.169464312198675582e-01
1.278572380589498014e-01
1.349808487543633917e-01
1.416637261946727400e-01
1.460932824395567153e-01
1.473214532428051560e-01
1.426098834572528951e-01
1.276701336266364839e-01
1.068739637227458378e-01
8.876135985941972784e-02
7.019479854297057397e-02
4.262324782361040509e-02
7.051434298838786703e-03
-2.918973634770705844e-02
-6.447989865870010218e-02
-9.518914156645362501e-02
-1.156919293734201964e-01
-1.257753986991765605e-01
-1.252328618564396978e-01
-1.178728585364295506e-01
-1.090353829763097693e-01
-9.769161750769178587e-02
-8.726005032393499561e-02
-8.285271777289300588e-02
-8.318181914011760214e-02
-8.697444285257939500e-02
-9.376403803064489728e-02
-1.020018405846518927e-01
-1.139129336831967987e-01
-1.249000198674793394e-01
-1.261312711827454747e-01
-1.156267252023788078e-01
-9.649109796707844300e-02
-7.061154781165124295e-02
-4.156495992358586605e-02
-1.213341071704156227e-02
1.591857518968907079e-02
3.977510176122386887e-02
5.555657216246789182e-02
6.027316611642996591e-02
5.935192432843108823e-02
5.919260318069646115e-02
6.239121616151608457e-02
6.579371503059308623e-02
6.492741637479566841e-02
6.600442938715639363e-02
7.017245749628980844e-02
7.645126710905807144e-02
8.732686809650945514e-02
1.010344864655689651e-01
1.156098557318056691e-01
1.324276177103573537e-01
1.528854447109703196e-01
1.728537636828654522e-01
1.857473934240091162e-01
1.899282349962257144e-01
1.897585134531551143e-01
1.858574850558798730e-01
1.747710156862642972e-01
1.564171050482181524e-01
1.345812623383527973e-01
1.159536995494006850e-01
1.005709427524289212e-01
8.649241606733314158e-02
7.622719653253230698e-02
7.294852691201451911e-02
7.330417935901073490e-02
7.182917152851524267e-02
6.657821875776807896e-02
6.110737610537630982e-02
5.866587963298382224e-02
5.782104921212881388e-02
5.772804708740388729e-02
6.190995216972182413e-02
7.361382215865683309e-02
8.721061544060329518e-02
9.325516678353008848e-02
8.758834489039303561e-02
7.480399998035359987e-02
6.161307882584435291e-02
4.817077322158570124e-02
2.922538227248333217e-02
6.634532471467731451e-03
-1.548922515994552440e-02
-3.971788491777124980e-02
-6.671960692482821476e-02
-9.351723034160751291e-02
-1.137032388294203084e-01
-1.288507765301832031e-01
-1.424307736870807639e-01
-1.525655115342745838e-01
-1.565519141217547594e-01
-1.572043959053139039e-01
-1.569032391828213413e-01
-1.527486553082794685e-01
-1.416874167989993771e-01
-1.277037992222585239e-01
-1.166292851730926367e-01
-1.083079420669865039e-01
-9.733281120315362411e-02
-8.719748659176593253e-02
-8.603371315879233816e-02
-9.299464348146149750e-02
-1.022751260079366592e-01
-1.135928538154526435e-01
-1.233936494908226406e-01
-1.280917236999163933e-01
-1.317764561462343720e-01
-1.350195018456331331e-01
-1.321037238753531851e-01
-1.242248743169327985e-01
-1.122001690013540304e-01
-1.013663749627143340e-01
-9.737139094889914193e-02
-9.782099901243529461e-02
-9.882502589363373335e-02
-9.872241550523452869e-02
-9.785525137225117853e-02
-9.791158073486060098e-02
-1.017655213055795316e-01
-1.091201704023208180e-01
-1.140423151879403352e-01
-1.145796444984567702e-01
-1.097666378528930342e-01
-9.893511752550449012e-02
-8.775586606773667919e-02
-7.972394440024617446e-02
-7.179376764396892818e-02
-6.386948053328743435e-02
-5.409506724298331765e-02
-3.939969736455223304e-02
-2.290934980616782940e-02
-1.122750547815938929e-02
-5.528745276495943169e-03
-4.600447649066041929e-03
-6.913882836151174875e-03
-1.074598477703032212e-02
-1.333475906207870314e-02
-1.378972134888372010e-02
-1.020454078260451224e-02
2.008581116716080166e-04
1.562366750586098238e-02
3.432134128142550616e-02
5.255908727819456894e-02
6.443070581559835752e-02
7.187780694563283834e-02
7.376462055647581284e-02
6.976871238905532624e-02
6.444254378320923848e-02
6.513909889227881278e-02
6.994989050301078648e-02
7.634851002961041966e-02
8.730970524383939446e-02
1.018254445988762830e-01
1.159781236089696410e-01
1.256969189882493620e-01
1.271603822332308953e-01
1.180202830401339137e-01
1.032440937285526578e-01
8.734417764022797681e-02
7.082254088120661095e-02
5.515462402057705327e-02
4.408596294424478590e-02
3.643837915827723845e-02
3.090227365842471499e-02
2.931480513562578771e-02
3.359879251856846133e-02
4.300974939809818626e-02
5.061787329202944302e-02
5.284680710064802028e-02
5.236917371230319362e-02
5.281950056197680377e-02
5.576225501606893453e-02
6.188848393477940080e-02
7.354781118684891594e-02
8.688122069128177694e-02
9.488644458795218728e-02
9.435938365082809087e-02
8.676650829138445042e-02
7.754323527380949099e-02
7.003137004587901837e-02
6.048326437058971355e-02
4.806398947285775436e-02
3.592740289461698877e-02
2.975679259919434064e-02
2.568467843209781137e-02
1.977425404933227937e-02
1.629994257748067915e-02
1.555415061799482294e-02
1.518813444842476504e-02
1.518732764765822266e-02
1.914375391938516122e-02
2.972560608229130735e-02
4.239603805864754910e-02
5.268552029286400346e-02
6.181835827906212444e-02
7.000564043597878872e-02
7.402895782580441730e-02
7.486979091558881860e-02
7.304643585231052061e-02
6.555664762717358651e-02
5.083569482989072630e-02
3.218521889916886591e-02
1.545268441977363204e-02
2.671153777498935789e-03
-7.458653050100861812e-03
-1.766313515628599104e-02
-2.842360567435193996e-02
-4.085935397682619041e-02
-5.381801919430549003e-02
-6.665079415399466356e-02
-7.930030065228779734e-02
-8.863322522858814445e-02
-9.574150670943741559e-02
-9.906501244891763314e-02
-9.940203513275916447e-02
-9.769433129208832112e-02
-9.256073136011079561e-02
-8.316905701890139890e-02
-6.939161371077395835e-02
-5.487029276134307992e-02
-4.494897572055665119e-02
-4.084956234934133956e-02
-3.426107326416487353e-02
-2.115579034374776360e-02
-8.817701606787121255e-03
3.137984103579772709e-03
1.296081424133927254e-02
1.689495814280482858e-02
1.730933835105281926e-02
1.645209053294550625e-02
1.265386322243245570e-02
4.618494315303083887e-03
-4.409967855727598904e-03
-1.489977651991051220e-02
-2.824600682197894730e-02
-3.896303478604286330e-02
-3.935940133353971193e-02
-3.042047424430356292e-02
-1.967490753676135948e-02
-9.667292152164714061e-03
-1.249140288626074576e-03
2.486324523347250778e-03
2.786290114526306268e-03
7.390581069062053619e-04
-4.819693557007890226e-03
-1.400502713526387798e-02
-2.527537373412660701e-02
-3.498913761044409459e-02
-4.110440137328202209e-02
-4.232386606280422875e-02
-3.812647774032112274e-02
-3.054107628979663494e-02
-2.569854807072989578e-02
-2.518138877937697861e-02
-2.981369405689276650e-02
-4.075083927372639275e-02
-5.350038173251821239e-02
-6.470001591146981590e-02
-7.559781858910592789e-02
-8.658813197645462423e-02
-9.648060955711340592e-02
-1.006431880937964651e-01
-9.641342505691780085e-02
-8.330225249090493500e-02
-6.702113770949436056e-02
-5.351834405140238476e-02
-4.037069675618944198e-02
-2.646207497797481434e-02
-1.543139954864179014e-02
-1.099199299985358612e-02
-1.146974374103717879e-02
-1.583890728126933350e-02
-2.341422372221205542e-02
-3.066674651101406607e-02
-3.732788433794134719e-02
-4.197870202577304310e-02
-4.698952155018785298e-02
-4.988661108089375434e-02
-3.992397117175557064e-02
-1.854721276715701195e-02
5.715057577147579677e-03
3.032055563664364656e-02
4.967215610259467090e-02
5.920972936060440311e-02
6.106686737234351403e-02
5.814927043306263033e-02
5.006495805761389944e-02
3.878588334136768428e-02
3.058965303049483719e-02
2.978381309032104504e-02
3.733965629458042834e-02
5.250580175484074325e-02
7.277793989175801448e-02
9.441490621267097094e-02
1.151226214143390159e-01
1.351808619989413596e-01
1.541306316758403461e-01
1.670926194455673031e-01
1.765911582155812731e-01
1.851365718982131703e-01
1.891917725874220080e-01
1.865043925795974722e-01
1.756191099829475799e-01
1.569377849247341750e-01
1.312238709666778691e-01
1.025879446687819607e-01
7.464682052192651851e-02
4.717039894749397444e-02
2.027890792880381043e-02
-2.215836498356642248e-04
-1.301019044825159517e-02
-1.773953918887744355e-02
-1.480987691086054978e-02
-7.295469527060236339e-03
6.230532855264155935e-03
2.784683847545646462e-02
5.145770888268431237e-02
7.222985079283689158e-02
8.933103454612206784e-02
1.034997762260220083e-01
1.109442002444220587e-01
1.076327231709157395e-01
9.647312831364185381e-02
7.805914769125048280e-02
5.625639848191816422e-02
3.050765273440455422e-02
1.718318404937546531e-03
-2.736381419108066190e-02
-5.443224395242574065e-02
-7.816087793335892153e-02
-9.892616937154830037e-02
-1.150116496361774932e-01
-1.219527033217800427e-01
-1.170458877507248169e-01
-1.069608781689595917e-01
-9.464433101246559621e-02
-8.050324059520075348e-02
-6.932186211723026514e-02
-6.181919441803836179e-02
-5.812094439160460368e-02
-5.937807200781945044e-02
-6.530854905690974821e-02
-7.845902748935801307e-02
-9.635042125160335480e-02
-1.131263029358191147e-01
-1.272569782886431577e-01
-1.395999298338602979e-01
-1.478076607229325823e-01
-1.466320786605578019e-01
-1.424197718584461203e-01
-1.378105924247203518e-01
-1.317841574262786086e-01
-1.252737153134363679e-01
-1.138909300259274976e-01
-9.564329705249209612e-02
-7.380144000963979878e-02
-5.546081224603187365e-02
-4.070561442348553938e-02
-2.548323494979731763e-02
-8.278039908600123148e-03
9.724508995617333132e-03
2.982194542836874920e-02
5.226387887771714175e-02
7.541298786804376264e-02
9.478354081745607451e-02
1.070846854138615550e-01
1.182273374550380646e-01
1.250869776087442098e-01
1.190577554803816801e-01
1.007570936929272493e-01
7.363604585249883261e-02
4.367943070708951020e-02
1.748183235493933063e-02
-6.630048859571489222e-04
-1.076084458023952688e-02
-1.383402938007167841e-02
-1.365698795368284167e-02
-1.261587757543320906e-02
-1.041317212627964825e-02
-8.715113222045193023e-03
-1.193719677061873784e-02
-1.937130840831190193e-02
-2.880952781919829744e-02
-3.824540017330929631e-02
-4.582789714107423501e-02
-5.269142460756460339e-02
-5.632331893822654922e-02
-5.715271746078334769e-02
-5.628529661846518733e-02
-5.205914218137867172e-02
-4.512748405743011171e-02
-4.128580685836259756e-02
-4.084992174241007523e-02
-4.105700549552394191e-02
-4.125134913107886964e-02
-4.320484849255269710e-02
-4.833566129460945687e-02
-5.405824778981934559e-02
-5.824115037126682826e-02
-6.156632838869949970e-02
-6.314536951076427096e-02
-6.360118260565036929e-02
-6.356858785468209871e-02
-6.156376862990383531e-02
-5.545759237751812787e-02
-4.642576584729096734e-02
-3.455502745617795857e-02
-1.675919557745320781e-02
1.082959867465368509e-03
1.624231499909236862e-02
3.052120698728244888e-02
4.482045969299906091e-02
5.766873989651068177e-02
6.655030345124575419e-02
7.145081130721710194e-02
7.386488388809961392e-02
7.716227862095356715e-02
7.980191069250373859e-02
7.689896818896420350e-02
7.389165500444394574e-02
7.296796347593575982e-02
6.992494569021981410e-02
6.181141979246987384e-02
5.051818939004706216e-02
3.583586034582425528e-02
1.844056837492510578e-02
8.203205470227213159e-04
-1.798354507888919734e-02
-3.510924824092481744e-02
-4.280757979510780437e-02
-4.470808701532471424e-02
-4.587025418131764759e-02
-4.470642207192467715e-02
-3.925048323005665696e-02
-2.600793416104118377e-02
-8.046825478014255420e-03
7.239970435785106871e-03
1.846329815288429849e-02
2.862705882401636245e-02
3.750687675527473314e-02
4.475213100262544902e-02
4.977060779976997390e-02
5.298078736976082059e-02
5.704847146719378703e-02
6.274662656828233764e-02
6.794997075925114649e-02
6.675264908349429205e-02
6.068590338493517339e-02
5.243612350682127360e-02
3.912264198132198167e-02
1.953761938450573887e-02
9.736310290466104701e-04
-1.288735869882190639e-02
-2.207230867998616688e-02
-2.657905375457086591e-02
-2.449199952802477709e-02
-1.742251049494128110e-02
-1.100567927467509428e-02
-5.065395928995110320e-03
-1.686957325686847062e-04
1.778580554556236960e-03
1.597434712631433688e-03
8.391212052488586717e-04
7.876634523588597588e-04
3.765558480565312383e-03
1.080563669188741062e-02
2.071736747265684464e-02
3.509866448177827863e-02
4.940440093183691428e-02
6.118014953451832855e-02
7.292067761646400803e-02
8.358602632415475242e-02
9.214090157941243198e-02
9.954872618122120875e-02
9.977235668460157636e-02
8.953390826614507358e-02
7.199557051933816454e-02
5.052898585121387565e-02
3.044335071331122008e-02
1.766242370470094691e-02
1.336823395933773966e-02
1.378860649691540825e-02
1.875123067735801410e-02
2.998043777167956614e-02
4.169168632035222255e-02
4.649059595615876589e-02
4.244397669328494466e-02
3.029065266641466081e-02
1.527098555259612592e-02
2.827423751425546701e-03
-5.917265319810562259e-03
-1.521419411318404580e-02
-2.800384923917781030e-02
-3.928361340335180529e-02
-4.285693399836285750e-02
-3.927428385266961558e-02
-3.430502190228410658e-02
-3.333755776491483663e-02
-3.396725109409540894e-02
-3.842251494522236355e-02
-4.266061736820610933e-02
-4.340700342643823151e-02
-3.872978134988337706e-02
-2.776706788330280881e-02
-1.682220671732007761e-02
-1.039083841415130126e-02
-5.280818334758795828e-03
-6.409650693443971542e-04
1.695326783456848696e-03
2.000283537559825048e-03
-2.355058038630994469e-05
-5.436463404818958622e-03
-1.301253750502698835e-02
-2.093318667770661945e-02
-2.699708656992556507e-02
-2.866186127526398203e-02
-2.464187377223844150e-02
-1.572059361613227513e-02
-6.429558869085997760e-03
2.963501702531357637e-03
1.480035666181536355e-02
2.802807526583131828e-02
4.153260721284755819e-02
5.371966284631168875e-02
5.919431946596347138e-02
5.989457118945428621e-02
5.931387267046003831e-02
5.559350163391820615e-02
4.547726886248784628e-02
3.066905689502734053e-02
1.333830898545148615e-02
-4.768692746733850692e-03
-1.948162741130777739e-02
-3.010293213169779047e-02
-3.850890130366165648e-02
-4.549152723239835439e-02
-5.394156972987264320e-02
-6.288954765679889702e-02
-7.280591387469974307e-02
-8.465445057562800968e-02
-9.518437410737859428e-02
-1.035506780198383187e-01
-1.141043655014397779e-01
-1.240632207815276361e-01
-1.286894163768749766e-01
-1.300743265654051017e-01
-1.294112096808324452e-01
-1.215141704324027710e-01
-1.035152521316347468e-01
-8.458814622172318443e-02
-7.078045521940284912e-02
-6.250474036392085486e-02
-5.759015750184956484e-02
-5.388654591759453605e-02
-5.045957164708163301e-02
-5.038001375694824840e-02
-5.404993774192397293e-02
-5.825219620721602126e-02
-6.087311783553485400e-02
-5.948063105435167502e-02
-5.392746538556301289e-02
-4.261191594011670691e-02
-2.761861654225922572e-02
-1.263374454513588492e-02
-4.833715754330377172e-04
8.126625408377604470e-03
1.705920810976777058e-02
2.943256870933111391e-02
4.259151854982806684e-02
5.242507033631965685e-02
5.755741605983284020e-02
5.744262297985887333e-02
5.401091058848064841e-02
4.945305101805935050e-02
4.193239166177358673e-02
3.315823529272242387e-02
2.840720561513388268e-02
2.790442938108266338e-02
3.215323291605171746e-02
4.295837819292677717e-02
5.767785674517258987e-02
7.326266579229598341e-02
8.790182366095641853e-02
9.863366742091499162e-02
1.030069676487137820e-01
1.028384196340308976e-01
9.804147565827374400e-02
8.741150883147204287e-02
7.604691323397246017e-02
6.783127569738808815e-02
6.139315227143764264e-02
5.835399979484867661e-02
5.625091223670568297e-02
5.171837154124893365e-02
4.620259008616082325e-02
4.111549855109817436e-02
3.585964629933237335e-02
3.452237402879031192e-02
3.966466540538921698e-02
4.553304079911311281e-02
4.989239070820315758e-02
5.289374823615587001e-02
5.610930403307285569e-02
6.002485484414583905e-02
6.562891497219841552e-02
7.075736604837493116e-02
7.292601717062802136e-02
7.353196855361501805e-02
7.350321710811645592e-02
6.990138710783680431e-02
5.945168157593769959e-02
4.459988036342669299e-02
2.880105641114961285e-02
1.420158580565058712e-02
3.736285548389470332e-03
-1.352823722044771155e-03
-4.764148258052497073e-03
-8.484712926778289685e-03
-1.222859853838857876e-02
-1.212946472783793354e-02
-7.067761012532611763e-03
-9.394930882485244940e-04
3.650065684290179722e-03
6.923642925060596517e-03
6.783733403768957629e-03
3.343515865400905913e-03
-9.257334679027852918e-04
-6.279155070187383489e-03
-1.142815682879818988e-02
-1.568083300744664219e-02
-2.084113804479669277e-02
-2.545779872199399954e-02
-2.801373621584415247e-02
-3.172126445109312021e-02
-3.778321335236752704e-02
-4.193915411910768137e-02
-4.614380364848966187e-02
-5.276660376990140178e-02
-5.824320404594529599e-02
-6.220729492495438023e-02
-6.521956626691266523e-02
-6.875691821684083715e-02
-7.298571309279966446e-02
-7.818288159062822262e-02
-8.119862951043504973e-02
-8.048673785224877419e-02
-8.081048499620449577e-02
-8.153799925105198465e-02
-7.653370747829373044e-02
-6.768586086104766419e-02
-6.114624189866632586e-02
-5.734021795892752654e-02
-5.615974375008652569e-02
-5.640501118311505580e-02
-5.661450066942369519e-02
-5.645754858212173599e-02
-5.620416179956082975e-02
-5.730255503223488645e-02
-6.108581985580482238e-02
-6.853817252537422466e-02
-7.969981372277416820e-02
-8.936726723509218206e-02
-9.673937256660045114e-02
-1.000126366219823981e-01
-1.004117829648476096e-01
-9.975416699459227488e-02
-9.643755573438979323e-02
-8.976245291964893291e-02
-8.173925936954190563e-02
-7.053286273325620748e-02
-5.785201569245915221e-02
-4.651992683129875517e-02
-3.263586113459666926e-02
-1.081173170495100880e-02
9.282250153609129459e-03
2.407388603259342369e-02
3.967029834165015922e-02
5.149058968119708118e-02
5.703144063646734679e-02
5.827596749161929879e-02
6.003595935651442200e-02
6.500321163953599879e-02
7.004298797691721479e-02
7.263680109948027208e-02
7.620533956631146688e-02
8.271834877250179574e-02
8.836756773982339108e-02
9.291242314879853692e-02
9.644929101826676954e-02
9.800751668055478205e-02
9.483026191639123970e-02
8.896614056307274032e-02
8.242885398836195809e-02
7.557002063542236914e-02
7.249857412451449212e-02
7.201980388054408933e-02
6.932310165658975287e-02
6.298338592050006790e-02
5.538413683500076345e-02
4.400806999751143839e-02
2.921760031236242047e-02
1.444240116535829531e-02
3.687255532351517862e-03
-1.756688382483762067e-03
-6.533408063389456108e-03
-1.271850996748967629e-02
-2.007126674970579130e-02
-2.948653634606029916e-02
-4.182393563509317208e-02
-5.474622147255388954e-02
-6.642292427931373311e-02
-7.703091678705581424e-02
-8.380973017305935746e-02
-8.608512837127828277e-02
-8.651016568419704622e-02
-8.557567035996961613e-02
-8.004666470686266910e-02
-6.987598021824319161e-02
-6.173495708345903832e-02
-5.431197196179171627e-02
-4.620787096390546050e-02
-3.867708992527580519e-02
-2.962593684941377745e-02
-2.075121643208946084e-02
-1.313860379207526519e-02
-6.425042251703851071e-03
-7.920245772296362731e-04
4.630036700451319043e-03
1.079272787962274986e-02
1.502653225488656021e-02
1.988928183498378521e-02
2.628529026092078780e-02
2.662651564330075979e-02
1.986787961101317210e-02
1.159817908851811658e-02
2.651221397833913862e-03
-5.824258794354175012e-03
-1.556603259292024810e-02
-2.847321658694179983e-02
-3.984627625793764338e-02
-4.386134227628728233e-02
-4.018632811192992399e-02
-3.191750040117322107e-02
-2.363762685446732167e-02
-1.614568960547042159e-02
-1.202039993330640544e-02
-1.064588280555982779e-02
-8.255544836318469415e-03
5.720471943746314146e-04
1.078779172584200426e-02
1.590429481612128798e-02
1.954590009419142002e-02
2.494142422775035006e-02
2.889166013723218698e-02
3.345708163120170858e-02
4.047032931630485664e-02
4.464854511875397669e-02
4.347362316609727079e-02
3.701625387458859495e-02
2.723811463165354274e-02
1.812194808311313327e-02
1.414532245401297315e-02
1.377514025866659331e-02
1.466617835978713778e-02
1.825983766866745225e-02
2.523245926789903851e-02
3.280234814004866217e-02
4.156850984695864559e-02
5.036168471044290967e-02
6.015259340914658887e-02
7.231980174375381154e-02
8.318988714778301208e-02
9.068345266741784094e-02
9.778975381911289566e-02
1.046154349951000373e-01
1.115156352237059167e-01
1.160065083268470437e-01
1.197822625687356840e-01
1.225395408611524156e-01
1.197602589114663829e-01
1.158474218847899556e-01
1.113165021254187009e-01
1.049670534382635551e-01
9.963864779392843374e-02
9.346904233218773783e-02
8.496184166768021295e-02
7.623431104838271355e-02
7.017699758423971701e-02
6.427210345400119484e-02
5.874285576066427123e-02
5.720399331677324811e-02
6.151096718700991423e-02
6.895317617057819537e-02
7.140117105641755058e-02
6.719902260941185146e-02
6.031607324810511067e-02
5.060181062222284670e-02
3.721741864389701421e-02
2.603173478365415280e-02
1.419408255852175511e-02
5.635685251190496658e-04
-1.069583110756115035e-02
-1.685747124537035138e-02
-1.982657141176626461e-02
-1.924811726581348095e-02
-1.597193405856713391e-02
-1.246030438398679392e-02
-7.204579019977914306e-03
1.625108712379039764e-03
1.465334289304670926e-02
2.952928945213455919e-02
4.269104842620955603e-02
5.186402108326688964e-02
5.714338791010115798e-02
5.880400392421567674e-02
5.723882510623055919e-02
5.193899487813583710e-02
4.252580829466949541e-02
2.914547232383363218e-02
1.478914946571286207e-02
3.754552251199205944e-03
-3.515297684247134773e-03
-1.144601646394844373e-02
-2.017452257871822294e-02
-3.024140114689352968e-02
-4.225728299590730819e-02
-5.250671857389362096e-02
-6.033834828381406251e-02
-7.128660534756869893e-02
-8.500966294947884250e-02
-9.631682900150553839e-02
-1.036661238749779501e-01
-1.107562890113421850e-01
-1.180194762393673713e-01
-1.249906749354288832e-01
-1.279487732731901251e-01
-1.284850757463673609e-01
-1.319656875987504085e-01
-1.387939358680856383e-01
-1.428545641260875743e-01
-1.432364742707585292e-01
-1.428055693159012707e-01
-1.428881563761854046e-01
-1.427254026579167501e-01
-1.396083645691468811e-01
-1.330088809898881952e-01
-1.252824434308198731e-01
-1.140721668163023478e-01
-1.000313397306613061e-01
-8.652160758597708667e-02
-7.516214617517366636e-02
-6.659618841120466814e-02
-6.314704178871673179e-02
-6.303022437227399910e-02
-6.367102954837557116e-02
-6.541209826801909488e-02
-6.869716361824981798e-02
-7.259597698069328309e-02
-7.723973149454153864e-02
-8.084459066497191870e-02
-8.026596782431340282e-02
-7.335366558420941541e-02
-6.609427031978695743e-02
-6.140455750045555050e-02
-5.524515440113540038e-02
-4.692686980338971886e-02
-3.722520793857034965e-02
-2.409353529853491480e-02
-1.133152410062382258e-02
-1.901660211857826533e-03
2.738567115730150634e-03
4.802081096274295538e-03
6.792242218034997593e-03
9.703510172029991207e-03
7.811019617611527667e-03
2.961522840287604541e-03
5.296706442217719458e-04
2.427051071395194392e-04
-8.316560977926254049e-04
-3.973743149997881370e-03
-8.023692299671791525e-03
-1.377686387848602034e-02
-2.039870317353033313e-02
-2.618610510850317638e-02
-3.190482629458609581e-02
-3.888897047567437676e-02
-4.328589529682797671e-02
-4.391517055652043033e-02
-3.964704047591650904e-02
-2.885181151391747606e-02
-1.543880011203669841e-02
-2.471051051381382806e-03
9.475383588014250555e-03
1.883912795359646980e-02
2.992065383487885893e-02
4.177238840066360703e-02
4.973917190808455763e-02
5.394411481956346011e-02
5.668341612399115798e-02
5.632378834958162717e-02
5.314995148684724391e-02
5.055041741339417333e-02
4.849366222290792117e-02
4.715333877855783923e-02
4.855500841937473999e-02
5.052666079809574329e-02
5.294166486713599434e-02
5.626572803260035394e-02
5.818320007257190424e-02
5.854396470260701119e-02
5.814049097381217973e-02
5.646156058229717667e-02
5.330052251354110149e-02
4.944139641425903536e-02
4.340560252692542142e-02
3.605341050524588781e-02
3.079402299921214781e-02
2.954038662995071493e-02
2.941420299006366340e-02
2.577623564999539582e-02
1.878327533689454557e-02
1.476695511008055753e-02
1.443871922004189880e-02
1.477549986365347262e-02
1.446959768574315568e-02
1.476363255783289148e-02
1.869424120503051026e-02
2.571336386662456328e-02
2.964554944259315331e-02
2.993450146985367558e-02
2.961314538998788964e-02
2.994879651252630240e-02
2.966250692779536305e-02
2.571004864892931924e-02
1.865255894361002309e-02
1.473961189864723270e-02
1.457131325874673651e-02
1.501412219218667063e-02
1.443974605738113093e-02
1.409866003149719792e-02
1.819227177174583335e-02
2.892528172553968796e-02
4.024024440679214998e-02
4.671927263160623872e-02
5.011984984794839310e-02
5.103564939804933198e-02
4.964993974330509513e-02
4.649667630011752179e-02
4.196657067606524016e-02
3.319186421558233818e-02
2.182800940787748417e-02
1.209589448139739530e-02
-1.425508403102469400e-03
-2.031706960506120957e-02
-3.745889411332280206e-02
-4.806383544725687657e-02
-5.444028995643387936e-02
-5.397888059804895750e-02
-4.716219891788494406e-02
-3.864089390906779581e-02
-2.760263455252928710e-02
-1.708660266306805814e-02
-9.602806767260801957e-03
-2.592709272423375857e-03
4.135304270042518097e-03
1.161980868361384665e-02
1.863789717331624379e-02
2.565348458064235782e-02
3.150650142159227424e-02
3.768801086191566480e-02
4.254925685876614905e-02
4.121632664325856205e-02
3.415931368384676065e-02
2.595622556645831719e-02
1.650906533616816260e-02
7.619866512360643808e-03
3.853207848931865546e-04
-4.967635880113310982e-03
-8.602271133015768415e-03
-1.188670571173810336e-02
-1.365250654215232652e-02
-1.421281500541035810e-02
-1.405146952120695999e-02
-1.191011760307264522e-02
-6.752814598029370161e-03
-1.033247004596825683e-03
4.129685269431178883e-03
1.042288307368783272e-02
1.829933423346585472e-02
3.152721419763511446e-02
4.701345419474443899e-02
5.709549328277829794e-02
6.314662371922862005e-02
6.919311871854755269e-02
7.241528294719774828e-02
7.273490807269168690e-02
7.259756857856911050e-02
7.298293329743130164e-02
7.284888701734668071e-02
6.920217689079008472e-02
6.190013120402729219e-02
5.580487610019958800e-02
5.207625369218177314e-02
5.100616449730845797e-02
5.088438892342769804e-02
4.906524389324025404e-02
4.584357841415482443e-02
4.419221860519825795e-02
4.346808557901783027e-02
4.029999900538316221e-02
3.524904481010913276e-02
3.266632886536223468e-02
3.060619978076135547e-02
2.936473143396984425e-02
2.951574253380909521e-02
3.011070675726627843e-02
2.963904369459385499e-02
2.581870270852515414e-02
1.960437114610838819e-02
1.575545474379928118e-02
1.113998226409451328e-02
1.162588169302017273e-03
-9.483480933889355466e-03
-1.614531554329684537e-02
-2.153541944261510091e-02
-2.617869721055584784e-02
-2.814047728171535645e-02
-2.815431758213774935e-02
-2.769270285628498002e-02
-2.749458192623214711e-02
-2.787513517870479629e-02
-2.859601166360937335e-02
-2.824004383085896436e-02
-2.416118187553318447e-02
-1.703603092411077116e-02
-1.305944930232514657e-02
-1.284390881026744972e-02
-1.349123440347316238e-02
-1.340123944524169997e-02
-1.290614248757747037e-02
-1.443255819600649213e-02
-2.025080925847090596e-02
-2.941843502681179903e-02
-3.844077064620346484e-02
-4.426580616965924281e-02
-4.989405565160320161e-02
-5.648618267478152516e-02
-6.163896246134548118e-02
-6.397327178462676456e-02
-6.607819298087551363e-02
-6.908914410339764278e-02
-6.924194483402813793e-02
-6.598068010641038039e-02
-6.212756834011526341e-02
-5.804230332052411068e-02
-5.321454689003750349e-02
-4.654769544677261200e-02
-3.887018668691881451e-02
-2.762580440363386625e-02
-1.507742671415046240e-02
-5.595067233326600671e-03
1.725031720770411859e-04
3.325572616353028674e-03
4.764284680727566904e-03
3.198567506594595083e-03
4.200651464856144886e-05
-5.413648546051657087e-03
-1.448201508299546900e-02
-2.760693260024922602e-02
-4.227182741336232147e-02
-5.494189999664982754e-02
-6.417950472965952557e-02
-7.259199431872753738e-02
-8.140546388876652995e-02
-8.920590708178394168e-02
-9.641555207712049214e-02
-9.985112977762569675e-02
-9.998997285499500176e-02
-9.931108668271269868e-02
-9.887182033809312209e-02
-9.911943482789703497e-02
-1.001039517996500233e-01
-1.005979339053459376e-01
-9.664725058816628356e-02
-8.534565879598114690e-02
-7.103331391418929441e-02
-5.977217951316997346e-02
-5.197564563659407694e-02
-4.212654459896551795e-02
-3.153842872829003968e-02
-2.323811378398095429e-02
-1.619043770980376634e-02
-1.294141435018016789e-02
-1.275098736561917044e-02
-1.332599427193309656e-02
-1.387354794852735211e-02
-1.386495918763989976e-02
-1.186773855917196141e-02
-6.819218701847166476e-03
-8.422288551105269706e-04
5.040537663922733079e-03
1.132730673298053964e-02
1.525583970184242119e-02
1.956673022307302973e-02
2.609295629272978534e-02
2.975282460633343895e-02
3.008653207247973665e-02
2.981863754522593585e-02
3.021065470313588630e-02
3.004261277257019858e-02
2.622278520517111119e-02
1.886608976830379120e-02
1.418741545036915526e-02
1.413333779535362253e-02
1.868962043700395786e-02
2.601776979584056668e-02
3.028136712304701356e-02
3.116485063517176329e-02
3.013142686786153893e-02
2.581475671932152716e-02
1.880970172927498227e-02
1.487163384226307047e-02
1.457959396843241766e-02
1.535883148696761714e-02
1.577954874850916872e-02
1.533357128842245329e-02
1.442196710230753132e-02
1.466953758479691908e-02
1.906611768198662737e-02
2.682033119108123004e-02
3.043309700902372544e-02
2.672919204267176427e-02
1.913900846396741559e-02
1.507258590955121505e-02
1.465640140140714136e-02
1.438935768223442019e-02
1.409877004978354366e-02
1.833299982908789122e-02
3.116525403555503448e-02
4.705854702304167192e-02
5.728346319227755473e-02
6.343209916864060716e-02
6.998324804743105698e-02
7.322546494240601833e-02
7.023689887387918329e-02
6.237988427802239333e-02
5.430107281689098425e-02
4.724415520666069152e-02
4.363027453674987732e-02
4.134084533974555914e-02
3.856741636289316710e-02
3.859076224325590221e-02
4.152482525272664649e-02
4.394111286844094161e-02
4.622491646373674129e-02
4.937878134022301996e-02
5.132295115101465771e-02
5.185469153258470687e-02
5.148608626600929133e-02
4.941799185747691725e-02
4.582067260693747923e-02
4.349575884531019232e-02
4.327400598735012260e-02
4.547681412023760888e-02
5.055800134059965784e-02
5.641395200251882180e-02
6.249923211505110238e-02
6.935149370901959320e-02
7.309627413602549917e-02
7.377232183652007724e-02
7.301070191290516542e-02
6.961110019203528565e-02
6.309243604592673638e-02
5.529956211100997554e-02
4.374566905002254952e-02
2.997181233802999681e-02
1.872401948786830625e-02
1.085525493902969596e-02
2.564427238279894713e-03
-4.330726084803646764e-03
-8.562488520672862508e-03
-1.183176991408906899e-02
-1.337079371813340405e-02
-1.359164442614542792e-02
-1.345346145849418695e-02
-1.302580571036037957e-02
-1.244309018944977398e-02
-1.295430115878755742e-02
-1.705781454480738424e-02
-2.381075162986221946e-02
-2.724641001044407138e-02
-2.805335746803374816e-02
-3.138429310911854814e-02
-3.774021820606329736e-02
-4.152393043733103306e-02
-4.303988707400471098e-02
-4.612289283953139446e-02
-4.880783777595149031e-02
-4.570089936586822776e-02
-4.206375349567133964e-02
-4.135118705866213523e-02
-4.222844353577966808e-02
-4.234427078764529950e-02
-3.872851247231418048e-02
-3.163847202334114928e-02
-2.563383531470087018e-02
-2.025213681245948555e-02
-1.492025459027581172e-02
-9.352317132907022809e-03
-2.973062291614870980e-03
1.066542938776739472e-03
5.400909161947971271e-03
1.192270369503068903e-02
1.563497005114498559e-02
1.596689522105246284e-02
1.547594962005971117e-02
1.558076037418583588e-02
1.587926932325366483e-02
1.417903939150197065e-02
8.746409757234570315e-03
1.247590497699073171e-03
-6.002363730844360867e-03
-1.186002261002285819e-02
-1.725678628294129505e-02
-2.342296650870039423e-02
-2.744634257494540930e-02
-3.183987149832710750e-02
-3.837572050076296787e-02
-4.203410723477715716e-02
-4.233838114204954012e-02
-4.199553482358407003e-02
-4.232212043932753048e-02
-4.233091456768282856e-02
-3.877958296083623690e-02
-3.040454359644058704e-02
-2.097119432836313385e-02
-1.084724560778366730e-02
1.262546383545020421e-03
1.199188319348538576e-02
1.938205352761174574e-02
2.644026935362093350e-02
3.345033384297245449e-02
4.074057823488647090e-02
4.505251026256115732e-02
4.594904927799903227e-02
4.294241087230168952e-02
3.351585339976802247e-02
2.101071289681880755e-02
1.283284830521341270e-02
7.574040228821102456e-03
3.227107716983369269e-03
-8.060145025214609377e-04
-6.328619291728783229e-03
-1.132319938362360071e-02
-1.344069933727798892e-02
-1.502530738463190088e-02
-1.833181163159535235e-02
-2.228366114261027403e-02
-2.607487662100684001e-02
-2.770983637074534572e-02
-2.763982806786683538e-02
-2.763742233467205919e-02
-2.816105070126215595e-02
-2.787313284589328782e-02
-2.397798675966136481e-02
-1.700346551135219555e-02
-1.284014618487439897e-02
-1.199530109491455179e-02
-1.249365459385463721e-02
-1.499815487156157777e-02
-2.045721823276184029e-02
-2.593169882315546348e-02
-2.815389951264963414e-02
-2.802927813242870811e-02
-2.728536381836316541e-02
-2.692762835847879038e-02
-2.772198238955800309e-02
-3.082213633864989977e-02
-3.423843883538718602e-02
-3.518034939211436146e-02
-3.858409513510329542e-02
-4.160862251416059393e-02
-4.230591107847247317e-02
-4.206190518846071591e-02
-4.178102850341802732e-02
-4.177429538429362071e-02
-4.183851672531030408e-02
-4.188427699787803521e-02
-4.186873508129348304e-02
-4.185743987056190357e-02
-4.185212232005515454e-02
-4.186895511786617452e-02
-4.186741486185732719e-02
-4.184708348254047999e-02
-4.180932520666635205e-02
-4.184476576397478526e-02
-4.197563618286019593e-02
-4.207046461113848196e-02
-4.175050943078549570e-02
-4.109562191403157150e-02
-4.144605949425495678e-02
-4.547500248578911081e-02
-5.256583506642382997e-02
-5.661032730909494604e-02
-5.698363402377357168e-02
-5.632719158190594572e-02
-5.593989787575646966e-02
-5.595468433344144565e-02
-5.618531199983346075e-02
-5.660879438763852245e-02
-5.661736847942112905e-02
-5.461563710121298404e-02
-4.960651185840791316e-02
-4.392829207080536230e-02
-3.827579455855063123e-02
-3.114759976787262463e-02
-2.407004272712371870e-02
-1.674539194979293016e-02
-1.085285654038734178e-02
-5.344189601149639673e-03
-1.226614411224243896e-03
3.932886025724991602e-04
4.361921403169584030e-03
1.490453664443310358e-02
2.771232278401677615e-02
3.747873407762728620e-02
4.460098788084258109e-02
5.134958291086293841e-02
5.852753530517926933e-02
6.545845997388552440e-02
7.095046281001793353e-02
7.608248581322449300e-02
8.322978711296467880e-02
9.100404595383163042e-02
9.871647451777182392e-02
1.021493384338804655e-01
1.004246917771122599e-01
9.603349524140111781e-02
9.210870289427501578e-02
8.915610547083108184e-02
8.720929522116713239e-02
8.317587815265488349e-02
7.634836333856194479e-02
7.242754631884917860e-02
7.198322646761007304e-02
7.247903487685934676e-02
7.269626965052677914e-02
7.290452693202834067e-02
7.339715948007841106e-02
7.309217412122098745e-02
6.929024286173426916e-02
6.211171837232893483e-02
5.654689076518754076e-02
5.292161220081123552e-02
4.956175641952214467e-02
4.385003973100328606e-02
3.680465203718210482e-02
3.177984552129643758e-02
2.959431759391778494e-02
2.589680102272634565e-02
1.896256113632485002e-02
1.446291590848571181e-02
1.443470721986646159e-02
1.875282227523382764e-02
2.553601438903395707e-02
2.980943268193493936e-02
3.397240728444885643e-02
4.035164892354664579e-02
4.442275825696120201e-02
4.530515625532733487e-02
4.412470405014360525e-02
4.021906955394665556e-02
3.535237398464579489e-02
3.361461314814508800e-02
3.135866618295223701e-02
2.605835187439758949e-02
1.884713728484249673e-02
1.517229181519086367e-02
1.487981186821482789e-02
1.384264014461640026e-02
1.042117412297325144e-02
6.282856085340080346e-03
2.422280678499208820e-03
7.022224443813783338e-04
7.363912636451653551e-04
1.071493028207090928e-03
1.148158904320049000e-03
9.746087248846099825e-04
8.191682888370520419e-04
1.029876044303167787e-03
1.588405145143352831e-03
1.434943571339547660e-03
-2.026425349306245054e-03
-9.194257528189175507e-03
-1.664226814272411550e-02
-2.442864366419401911e-02
-3.164715613341010508e-02
-3.863461553219362660e-02
-4.257470042112188741e-02
-4.447489225558461101e-02
-4.541858510855061037e-02
-4.395484315057698876e-02
-4.274218492570341921e-02
-4.188573657381023524e-02
-3.836446929734593780e-02
-3.211539396010093528e-02
-2.775490719538530743e-02
-2.330589971747526468e-02
-1.677856613040262096e-02
-1.303003041255608625e-02
-1.275607021044838051e-02
-1.361835686607036459e-02
-1.372687890372258253e-02
-1.165610004900335429e-02
-7.992681812026915938e-03
-5.945255438767603831e-03
-5.800158188547104715e-03
-6.206026648708088019e-03
-6.380321285214471394e-03
-6.099735048447736500e-03
-5.019334206322787276e-03
-3.448836370920438724e-03
-7.749204009789623961e-04
6.513148562686363503e-03
1.356085397507324382e-02
1.599254415087605213e-02
1.562552314762402639e-02
1.524477919678838070e-02
1.569169547958525202e-02
1.557690973416370889e-02
1.205909703189069100e-02
5.044579002307862658e-03
-1.039924381122817564e-03
-6.579436780575874909e-03
-1.161149130116604852e-02
-1.565739177790240882e-02
-1.947509232509879451e-02
-2.095723667510197147e-02
-1.903080914662181461e-02
-1.523430545592819110e-02
-1.315440975254704957e-02
-1.306629977428832613e-02
-1.340567684945767613e-02
-1.337457834718372429e-02
-1.319727287690765707e-02
-1.369428415275431715e-02
-1.542566392864692069e-02
-1.669553166242068384e-02
-1.519534431345667506e-02
-1.504925469829333090e-02
-1.827326723415415022e-02
-2.247390476336069351e-02
-2.638428471497539229e-02
-2.806204157810270050e-02
-2.806081670784804638e-02
-2.787104249845270484e-02
-2.787765093018591822e-02
-2.765960935575194346e-02
-2.709032340032803757e-02
-2.741733442011204044e-02
-3.129866220957883832e-02
-3.830260234765706789e-02
-4.264932215747452987e-02
-4.365665692181577850e-02
-4.263523248226974705e-02
-3.833129511673624701e-02
-3.139427543496639550e-02
-2.749168477802502522e-02
-2.689500426930083177e-02
-2.727502943399901653e-02
-2.826540671313804848e-02
-3.119622051588536935e-02
-3.449260308050493967e-02
-3.542951147247956623e-02
-3.887532087361498384e-02
-4.192201327009489192e-02
-4.264129815712365545e-02
-4.241578267377054540e-02
-4.210118171668642689e-02
-4.197579754301349747e-02
-4.198188522152467711e-02
-4.234551766155722485e-02
-4.291543438848952063e-02
-4.244876615601723274e-02
-3.853407348757774409e-02
-3.190924902969723143e-02
-2.798755919824610222e-02
-2.545002409642551158e-02
-2.072238430651424795e-02
-1.566009089319411046e-02
-1.297093592368315368e-02
-1.125672633501302936e-02
-1.001500861343913168e-02
-1.116191257583958908e-02
-1.288520967496193693e-02
-1.578848223336050752e-02
-2.106801775490050460e-02
-2.465286093176824803e-02
-2.324198642766035425e-02
-1.962920594061301482e-02
-1.559820927440039827e-02
-1.152005143610723530e-02
-5.930206404105883670e-03
-8.474319865994754545e-04
7.587909867453188810e-04
5.361625299169837412e-04
2.300240327275972652e-03
7.751191673496284941e-03
1.341339279860677934e-02
1.566829825735556111e-02
1.548626200076659229e-02
1.493207788878185387e-02
1.488504873864492095e-02
1.515644184740454377e-02
1.514407579201919145e-02
1.381353664060153141e-02
1.143917332653768965e-02
8.903156477068680311e-03
5.932053977861262949e-03
7.654580948979185402e-03
1.203583916615703561e-02
1.502942206854126182e-02
1.920069204984570232e-02
2.575985759443460976e-02
2.957923041958346669e-02
3.001339191571655851e-02
2.946178223163233023e-02
2.913352433793640200e-02
2.915677486911763192e-02
2.928110286724163597e-02
2.945095643225582871e-02
2.956001389223493828e-02
2.928092683798348000e-02
2.852327490722946987e-02
2.859872544800592248e-02
3.264387046584269619e-02
4.142040322987895068e-02
4.917515216130043804e-02
5.356886444849271595e-02
5.663623294825334553e-02
5.796886244711159375e-02
5.802397427401877888e-02
5.789094016216855126e-02
5.802902044608587717e-02
5.822597518230342856e-02
5.775118026574635466e-02
5.592640229929796147e-02
5.436654103181959297e-02
5.583956853316085489e-02
5.764408113126421457e-02
5.828901566037998638e-02
5.837480058552058787e-02
5.795568959095970252e-02
5.609498698674295764e-02
5.292569021195847601e-02
5.069610362817424803e-02
4.841776427443365838e-02
4.527847315361208796e-02
4.380210843091831424e-02
4.362674661703436901e-02
4.192636265968179010e-02
3.705831753273508555e-02
3.129828814740525517e-02
2.552366300275345570e-02
1.844447035681419725e-02
1.161832710402438060e-02
4.300919930666645581e-03
-3.134187005790333141e-03
-1.222996276513927706e-02
-2.065995259628880185e-02
-2.679823218463042375e-02
-3.238017130257491577e-02
-3.877615039030222338e-02
-4.238321726101196979e-02
-4.450387840676071211e-02
-4.798636057001164773e-02
-5.173562974310048912e-02
-5.385346708616634004e-02
-5.191853881142781402e-02
-4.792786017988498459e-02
-4.389593202551463069e-02
-4.212560577625535513e-02
-4.220489962250151272e-02
-4.251349358115110583e-02
-4.248486682304373346e-02
-4.232109360198829662e-02
-4.259129851325536842e-02
-4.323708385045222508e-02
-4.288085930836701282e-02
-3.884813902233496402e-02
-3.183278632068638897e-02
-2.792378526492722904e-02
-2.753084395341196672e-02
-2.771134728854450502e-02
-2.760187175907728371e-02
-2.862744755529478963e-02
-3.259394416749863965e-02
-3.572218211781860026e-02
-3.064642246624964608e-02
-2.178603376436007155e-02
-1.510495328939436520e-02
-1.126387752362555290e-02
-8.092585750581990020e-03
-6.293560864601597908e-03
-6.390910178547703178e-03
-8.646659844280382701e-03
-1.212876061080531490e-02
-1.367910162923849544e-02
-1.382524992082122609e-02
-1.578529903760888045e-02
-2.082841259634260825e-02
-2.572173992549174615e-02
-2.836061653814233793e-02
-3.256760578974728787e-02
-3.938728730185235560e-02
-4.250648908358704153e-02
-3.985432959649821277e-02
-3.609045732953497509e-02
-3.534083673368425965e-02
-3.182177715749931468e-02
-2.545928763613588761e-02
-1.767811231233396355e-02
-1.049583986664042942e-02
-2.953167318167206588e-03
4.444543669305343371e-03
1.162756864007748712e-02
1.513022815704437654e-02
1.527994104110473421e-02
1.473374425670875149e-02
1.450531695604366338e-02
1.461727889878231511e-02
1.470932019713982325e-02
1.470660641274327586e-02
1.464278113755744168e-02
1.465858709802922433e-02
1.476715314299598299e-02
1.483316411480390014e-02
1.453711224079781011e-02
1.399167824985383252e-02
1.443533065682242600e-02
1.819497088703753845e-02
2.469163871042918956e-02
2.898224919420992057e-02
3.307904413021018480e-02
3.952633574668951849e-02
4.492100907216736716e-02
4.909724454546224998e-02
5.261687621673619836e-02
5.604357910880944371e-02
5.773167035630090427e-02
5.780249279449836686e-02
5.766346635331846826e-02
5.782863313933430532e-02
5.778827843190239427e-02
5.605895233068826367e-02
5.242701399271177537e-02
4.875849824180128467e-02
4.511832320145366115e-02
4.151819481733616535e-02
3.646512827096429210e-02
3.074621638651837269e-02
2.494792264119722117e-02
1.858762615100829907e-02
1.458988434548202928e-02
1.026692848551541762e-02
3.847724537540355393e-03
3.221037641398010387e-04
-2.553377735054491028e-04
-1.453885786427450968e-03
-4.513178943970247090e-03
-7.293329304663175201e-03
-9.720805046643667124e-03
-1.065071627560664966e-02
-6.826634667802165823e-03
-1.787482500832155872e-03
1.019259279670727861e-05
3.427340264678810844e-04
3.851361008631728772e-03
1.077496359365399774e-02
1.490561482363930192e-02
1.535210570239563255e-02
1.469979261354221328e-02
1.433971009688244508e-02
1.441447852428354506e-02
1.456408872460997900e-02
1.463575463633610789e-02
1.457832509086322108e-02
1.444501960057334271e-02
1.433949006030975012e-02
1.459168864537811056e-02
1.516054186220905549e-02
1.495789551331117191e-02
1.135568411630552034e-02
4.132592686011697138e-03
-2.954809524454739267e-03
-1.010193772875773825e-02
-1.786234160009744082e-02
-2.902121767123386556e-02
-3.957555792800095812e-02
-4.377866720137407741e-02
-4.362421619644839960e-02
-4.277601188147876765e-02
-4.252491347927387505e-02
-4.259371158100257182e-02
-4.267927646957048182e-02
-4.299785275406791535e-02
-4.353945810864703198e-02
-4.307986038471061513e-02
-3.917245092682726526e-02
-3.249523576098853339e-02
-2.851004337465819563e-02
-2.607772242734700263e-02
-2.166302598567222681e-02
-1.657236252357953410e-02
-1.209499233144935293e-02
-6.552157379748631272e-03
-1.454453480784998918e-03
5.704961565737179472e-04
5.085603354375999204e-04
1.487486837988165670e-04
1.033335019225902770e-04
9.564381047116170557e-05
-1.193008958932075062e-04
-1.010644847849794599e-04
1.557724712357517289e-03
5.263311491580094023e-03
9.290875587258698790e-03
1.303298623718259462e-02
1.474652838158221901e-02
1.476094811164603733e-02
1.438784676443526089e-02
1.418503172083164683e-02
1.436571841977476484e-02
1.490983219128258486e-02
1.504150941093453445e-02
1.279555944069436096e-02
7.224585478622408581e-03
1.805709597058806652e-03
-2.525028956483959868e-04
-4.456048648236221642e-04
-1.500301034526567044e-03
-3.133490223310138236e-03
-3.699669995782860731e-03
-5.313397683166972731e-03
-6.723259285585238276e-03
-7.560977390955558701e-03
-9.066416279454507163e-03
-1.016807338795684863e-02
-9.007131092218574608e-03
-9.334332810365577465e-03
-1.186550885523533945e-02
-1.234991203546668449e-02
-1.145696695071613501e-02
-1.244840040540409927e-02
-1.222438117074529582e-02
-9.541020497648591489e-03
-7.283711506070761690e-03
-4.908100584639750116e-03
-1.567522207484296683e-03
3.603153153536776824e-04
4.028514653672637903e-04
-3.791858718644071499e-04
-6.131985808907358150e-04
1.774818662618427847e-03
7.442605049399114714e-03
1.257847135807538957e-02
1.403021398828480960e-02
1.454207773278825069e-02
1.866552643229406686e-02
2.519640994273949011e-02
2.540754970334332605e-02
1.918616230149553653e-02
1.461556994806773209e-02
1.185337017097510583e-02
7.275696307182794725e-03
1.959992640733998655e-03
-2.089435755717871691e-03
-5.291991058464907624e-03
-7.192982359141747266e-03
-9.499932334974373754e-03
-1.258960520865365709e-02
-1.269734244919660214e-02
-9.713558508849641851e-03
-7.152907831612402220e-03
-4.694021135424734405e-03
-1.620226100830980719e-03
-3.156356423944400879e-04
-2.641974727594109153e-04
1.676812172775212287e-03
7.108991465523837629e-03
1.270139112213415460e-02
1.494206754918211803e-02
1.479530315519584673e-02
1.429059793385735293e-02
1.417910540247377914e-02
1.431720035549594386e-02
1.439782909028310305e-02
1.431475794953905069e-02
1.418360881766156552e-02
1.430095432187877304e-02
1.477773690214251832e-02
1.486699840513166886e-02
1.262241999619461569e-02
7.209661131351880782e-03
1.989828866535935797e-03
-3.468331611261043796e-04
-2.206533352063179496e-03
-5.387757575998107680e-03
-7.426755081612792207e-03
-7.424158650055013436e-03
-5.720639904996801910e-03
-3.727556697550736715e-03
-2.975388078188236519e-03
-1.421831591972768250e-03
-1.745168734448038260e-03
-5.011289669225129674e-03
-8.651698681795053775e-03
-1.230146731671209574e-02
-1.616246372686205510e-02
-2.186516625045292067e-02
-2.740342810871783732e-02
-2.926838475333997866e-02
-2.727316645768354531e-02
-2.358145885201120423e-02
-2.142926646539554739e-02
-1.961647315760651003e-02
-1.627920779778057117e-02
-1.251813732984295366e-02
-8.932281984740818651e-03
-6.950061249433366756e-03
-5.276893615757194747e-03
-2.574823232884399220e-03
-3.480875896270275310e-05
4.145946705608439045e-03
9.185089337660299474e-03
9.456218402532684877e-03
6.232854974561309602e-03
1.983427269181052294e-03
-2.121708519834763270e-03
-7.266481908973652405e-03
-1.236493319882919946e-02
-1.629528513669200804e-02
-2.114317491358002829e-02
-2.665759947646986761e-02
-3.281127429034758070e-02
-3.982306239951852872e-02
-4.333828600478619592e-02
-4.346559916574639637e-02
-4.311535228388600760e-02
-4.343336380784686146e-02
-4.341358985451417712e-02
-4.003607247099025962e-02
-3.272618614768717238e-02
-2.511963184797446139e-02
-1.780793389022286566e-02
-1.224138999781447003e-02
-6.655391938559033528e-03
-1.659485759586118653e-03
3.449389396173140596e-04
3.207917594023565488e-04
-7.471774564385791990e-05
-1.803045687618735904e-04
-1.035883776192930787e-04
-2.200893081249814077e-05
-1.861376649584423572e-05
-6.551132742775124323e-05
-1.303265618232355566e-04
-1.116308610422728551e-04
7.434999118536357891e-05
2.543697592766481228e-04
-2.052705784093461808e-04
-1.973445676788452858e-03
-3.612148982083712018e-03
-2.376630424217822130e-03
-5.366251934838331145e-04
1.730725533816465872e-03
5.359697045337803896e-03
9.000111925549666297e-03
1.151832781628780826e-02
1.137226020478173012e-02
8.924368002676291711e-03
3.387766687079964492e-03
-2.535250388740794615e-04
-7.377716264111932286e-04
-2.511413826820955660e-04
1.123462732856222253e-04
1.457226675056173880e-04
3.184824755719428468e-05
-3.709094895646547073e-04
-7.030870414210135637e-04
1.221837417231077573e-04
3.641607478435858469e-03
7.203098907298931958e-03
5.963138544485611751e-03
3.789356169357309227e-03
1.255252904615487657e-03
-1.657275858941038025e-04
-1.688491714053759994e-04
-9.943350036265425880e-05
-4.478680876648187385e-04
-5.359567223759915738e-04
1.673036345187799492e-03
6.924295700226252431e-03
1.196423193085029146e-02
1.462751793396496573e-02
1.825462280189462522e-02
2.422759624772437281e-02
2.831964572830689142e-02
3.250520341773153327e-02
3.928172108882663910e-02
4.506100367426711661e-02
4.884120998947660136e-02
4.993404363141395325e-02
5.000228430715849409e-02
5.192802238771088152e-02
5.565717288350315733e-02
5.739048898123545739e-02
5.566072280687593687e-02
5.242720469107477882e-02
5.071802660536689489e-02
4.821176603507841552e-02
4.102839340652141703e-02
3.208763267917949524e-02
2.782098417816503133e-02
2.774026742874879589e-02
2.857168295322194337e-02
2.882459298987534446e-02
2.855047876216675398e-02
2.833017081103404028e-02
2.865630168452727028e-02
2.932298316157754686e-02
2.887772448762829583e-02
2.477751898475128930e-02
1.798130070584772963e-02
1.451363433849145977e-02
1.372269087428899109e-02
1.051337678148406632e-02
4.222473225225358354e-03
7.343691275421161528e-05
-2.785466444289191705e-03
-7.313691489100190672e-03
-1.078077989372551795e-02
-1.134096366959235457e-02
-1.233409874044247810e-02
-1.371818745910120471e-02
-1.653540371391952132e-02
-2.179520928944137306e-02
-2.537431684631425224e-02
-2.433329448269369588e-02
-2.201341222402865630e-02
-1.936426723798572239e-02
-1.604197169965533576e-02
-1.427979413813812264e-02
-1.408015495573371016e-02
-1.430990981038737959e-02
-1.456383934982759427e-02
-1.479897043140739922e-02
-1.455360031464494538e-02
-1.268797622575230065e-02
-9.401832696315384416e-03
-7.109507084559180991e-03
-5.034817446487956441e-03
-2.292767885267316293e-03
-5.719338021941701954e-04
1.848280806232975235e-03
7.092939797545878659e-03
1.244198267203388414e-02
1.470675310379173685e-02
1.493764481407098763e-02
1.468966359664590840e-02
1.365770673982030607e-02
1.056868664130667691e-02
7.753061984364176436e-03
8.657647003810189229e-03
6.738694117704414725e-03
2.085423755542434917e-03
-5.511784857472762107e-04
-6.601480777883507890e-04
2.957064165869600957e-04
6.080885982175605669e-04
-1.763587995948174246e-03
-7.410245004108390043e-03
-1.259826731506534167e-02
-1.438321132730386101e-02
-1.585809447040816694e-02
-2.116954262954108199e-02
-3.016815830639643300e-02
-3.942378403470970377e-02
-4.558413329129244046e-02
-5.099706231775139043e-02
-5.573323952668315234e-02
-5.769678722497662005e-02
-5.782090985563277663e-02
-5.758225085433746337e-02
-5.724891745036474883e-02
-5.599709271555181750e-02
-5.409258816426430749e-02
-5.193988969353145746e-02
-4.732081594858695422e-02
-4.336143385223350383e-02
-3.872590870620397363e-02
-3.220204436242745522e-02
-2.887680033402298743e-02
-2.852042176633688350e-02
-2.700048980224988363e-02
-2.220745514293424525e-02
-1.672817042070348648e-02
-1.222794576322292284e-02
-6.787118299712218555e-03
-1.742105825356150698e-03
3.096251967202807488e-04
2.656117211576334626e-04
-1.182196361749938160e-04
-2.042657447273812140e-04
-1.270339345494566220e-04
-1.428808218237622959e-04
-2.299278767453304118e-04
-1.134456493483209722e-04
3.433606906269109308e-04
3.837356414235057922e-04
-1.877497262355159405e-03
-7.203179587375586196e-03
-1.220583208766727080e-02
-1.457162130994850598e-02
-1.720779880730739439e-02
-2.184713792059693460e-02
-2.333878785054045377e-02
-1.891688154383377313e-02
-1.489877168622854436e-02
-1.219380342169338292e-02
-7.733845457015648892e-03
-2.136448036384228522e-03
4.048140449046374288e-03
1.069763540745723336e-02
1.396372627056939077e-02
1.521684922116121018e-02
1.835409400185673487e-02
2.114443645659680113e-02
1.805810813882245333e-02
1.440319798265681656e-02
1.370247684781092205e-02
1.461590733747919479e-02
1.466738122638452588e-02
1.086921259229085834e-02
3.867211709873294434e-03
-6.834104909445094019e-04
-2.832675290960487684e-03
-3.820361522815487933e-03
-2.217563051997040006e-03
-2.782460011250962239e-04
1.908569360240388452e-03
4.940531041633737866e-03
7.102118256448148453e-03
9.426205414017353387e-03
1.242517187788013538e-02
1.356877529169019450e-02
1.391948425035323920e-02
1.773495509361300293e-02
2.621371969837615890e-02
3.368119621504200856e-02
3.831474836646972526e-02
4.339407261051630299e-02
4.823959332697166924e-02
5.031784609061003277e-02
5.049618573277776107e-02
5.038962202062251261e-02
5.005050898934038789e-02
4.819432446941628034e-02
4.496453964079848153e-02
4.296468590801064830e-02
4.193097609315592916e-02
4.059887468207214190e-02
4.125284537977318144e-02
4.628135584463251295e-02
5.001715877947254807e-02
5.067724649389444835e-02
5.031866022592899890e-02
5.004984154506988969e-02
4.901274316699569256e-02
4.576717438156337192e-02
3.931967006306377049e-02
2.826483461804904854e-02
1.804228750924581973e-02
1.354997683382978477e-02
1.006808143477269830e-02
3.870530594844748176e-03
-1.631770686344943171e-03
-5.915027547866274701e-03
-9.444791169857493646e-03
-1.286483428833055942e-02
-1.460308653984361202e-02
-1.469952123510255733e-02
-1.437382310020229176e-02
-1.423531007769201009e-02
-1.450615309501989726e-02
-1.491422558818402376e-02
-1.456030409555965875e-02
-1.219948769982128790e-02
-8.899907270345246493e-03
-9.010035574978123712e-03
-1.227837081113175056e-02
-1.415303106860965263e-02
-1.433216284243907235e-02
-1.609721554850613787e-02
-2.136995927450234187e-02
-2.705671648112538408e-02
-2.962275365366215038e-02
-2.948548017051137379e-02
-2.728040566092514857e-02
-2.339583599928734062e-02
-1.947347872356570975e-02
-1.592125230132350119e-02
-1.434975843370209572e-02
-1.418861831696654335e-02
-1.396394630714208399e-02
-1.390683214742338865e-02
-1.605002503821590168e-02
-2.158343875732915071e-02
-2.713546023593980602e-02
-2.929488449124464239e-02
-2.908664921340035556e-02
-2.913770503281757143e-02
-2.930838006770315404e-02
-2.940209364401312822e-02
-2.779261412939247611e-02
-2.405814608309344779e-02
-1.998587789039603727e-02
-1.623649869902084666e-02
-1.453978935243224226e-02
-1.450715792870186337e-02
-1.476253970952184913e-02
-1.482390057509352065e-02
-1.474618365761833430e-02
-1.469311083628476594e-02
-1.465191265532420246e-02
-1.454146896493713204e-02
-1.440061622020388094e-02
-1.448698057498590958e-02
-1.494470798805443493e-02
-1.500596616989218098e-02
-1.267830195110623143e-02
-7.068878064866650039e-03
-1.811085090529697709e-03
-5.833189345384544766e-05
3.346321331702741962e-04
3.360746929408498906e-03
8.454905305730803927e-03
1.103253107109606994e-02
1.296381407328032163e-02
1.410925112519615700e-02
1.424224122973184216e-02
1.412901040942399385e-02
1.403099878539408249e-02
1.401258905881209472e-02
1.399020400481678847e-02
1.397393596754234815e-02
1.395345789717704864e-02
1.391109352238121058e-02
1.378303957162627276e-02
1.362700430337720169e-02
1.367888892721822423e-02
1.409659902226630644e-02
1.419600421125660761e-02
1.204378248643125579e-02
6.617561050615916075e-03
1.145431184273897280e-03
-1.078991141149228004e-03
-8.142534052583313671e-04
1.261121280009211702e-04
3.727073350546054333e-04
-1.850247199737608574e-03
-7.220654891978869200e-03
-1.242960928209611154e-02
-1.435431319075683963e-02
-1.420203321334839730e-02
-1.392404634196040859e-02
-1.371867153956113188e-02
-1.214616550370533656e-02
-8.636985569634310009e-03
-4.787420059435757227e-03
-1.231021743775285830e-03
3.759501607174315003e-04
3.968760055081626105e-04
1.363563707157919335e-04
5.909388010508151705e-05
1.294954836881738838e-04
1.867914669614376784e-04
2.014318203621430611e-04
1.956002644215831376e-04
1.995370120891588948e-04
2.101195977073073800e-04
2.206857539280280590e-04
2.306608185689709516e-04
2.472749733722573798e-04
2.724402628090656208e-04
2.780740058707744690e-04
2.437356117549652581e-04
1.993469004903520832e-04
2.945329615447880378e-04
5.556538095992803305e-04
5.423951391840389552e-04
-9.489055193730912968e-04
-4.209350244029943545e-03
-7.688136526314876158e-03
-1.087992103882858691e-02
-1.231810941616011575e-02
-1.229199107498144851e-02
-1.179580126900617830e-02
-1.114728747830792330e-02
-1.097714053119680337e-02
-1.284035155234224471e-02
-1.745246480703723305e-02
-2.173978207677999125e-02
-2.312354807513210264e-02
-2.337978066403317151e-02
-2.532787446037117196e-02
-2.764697925647936066e-02
-2.715024669362478202e-02
-2.807592588583963586e-02
-2.823191714677416794e-02
-2.439588021852002672e-02
-2.098244553178017432e-02
-1.827543092711896369e-02
-1.401721716139107260e-02
-9.511366902201990464e-03
-6.141641013717129630e-03
-2.945087575217917881e-03
1.435814182712169984e-04
3.061141464753417904e-03
4.324349424927002340e-03
4.453977370631937056e-03
5.600301903390968172e-03
8.457736442966120802e-03
1.168912753856458236e-02
1.469681478525843195e-02
1.601186336195849907e-02
1.568483033851723191e-02
1.485726545406621142e-02
1.484545682466501849e-02
1.768702379352803458e-02
2.314464958245336657e-02
2.735863599706995358e-02
2.976153072005966252e-02
3.072422739835390867e-02
3.189782913157446220e-02
3.361775967113460328e-02
3.329322773006961056e-02
3.186948842101159501e-02
3.230693579663024284e-02
3.317588956040481984e-02
3.332850692722473529e-02
3.273503895246185347e-02
3.080301516048287308e-02
2.757396378710738269e-02
2.452299534656480345e-02
2.198070745477404345e-02
2.018176911651224648e-02
1.699565421302159235e-02
1.193890572133332086e-02
8.987584510011008970e-03
8.528287502723937846e-03
8.779635279711222109e-03
8.823708605221641452e-03
8.603107271992002300e-03
8.340068218442296330e-03
8.111354870232708250e-03
7.915991731890963459e-03
7.775601063960368292e-03
7.751037647895400208e-03
7.671853819935590957e-03
7.093580103972415250e-03
5.647863542033815763e-03
4.586112999810331575e-03
5.755258992433843514e-03
6.849576414326386149e-03
5.541252155287816443e-03
1.715290701697289857e-03
-1.891504057117557227e-03
-3.012306547809920441e-03
-2.885284568580913367e-03
-3.974761185874207785e-03
-7.085597177115111542e-03
-1.004745667335893607e-02
-1.149163004546771560e-02
-1.363048821577817447e-02
-1.730135835801648383e-02
-1.929265266812655449e-02
-1.921596992254302402e-02
-1.853063667868079870e-02
-1.800365642163334612e-02
-1.769748286528337322e-02
-1.740572170444480357e-02
-1.704092307057697778e-02
-1.665626980329981688e-02
-1.637400688784916222e-02
-1.617155123731427863e-02
-1.569231158198879442e-02
-1.430492964929209500e-02
-1.220653620469988945e-02
-1.079206776990467194e-02
-9.514557432506039539e-03
-7.574502305623758390e-03
-5.526980583182944558e-03
-3.324727675913887771e-03
-1.274819290114597011e-03
6.052830585701998766e-04
1.461646476346335028e-03
1.461961128645286167e-03
1.370650351709120545e-03
1.455406239144760002e-03
1.467093114975730585e-03
6.701496201635410554e-04
-1.094150927552537495e-03
-2.950875270534987580e-03
-4.588813582012517787e-03
-5.209394463262628783e-03
-5.031687059513775817e-03
-4.721536708840001588e-03
-4.504131773556350679e-03
-4.345400323836547118e-03
-4.163553298700095433e-03
-3.972277706423745641e-03
-3.845482364864612375e-03
-3.770811487010738809e-03
-3.495360170395416834e-03
-2.547949432806153637e-03
-1.071892761314149813e-03
-5.713023705760653304e-05
9.224967299184703637e-04
2.257527561240038443e-03
2.936124752156887147e-03
2.933111718021476876e-03
2.921971266346027035e-03
3.478800951389779232e-03
4.239607473140966781e-03
4.350081235192970568e-03
4.137737141081260228e-03
3.181123740566731313e-03
2.508843799651900870e-03
3.140291553772080625e-03
5.042703557253274717e-03
6.855741839093245672e-03
7.432439359740696319e-03
7.192413197873713873e-03
6.738217371796913040e-03
6.325199923389132617e-03
6.253750380959485072e-03
7.223747139280449134e-03
9.116452596084909446e-03
1.046881937551372155e-02
1.119690572545020864e-02
1.161955197427903645e-02
1.215151972697420084e-02
1.268736012334876172e-02
1.312089818252589607e-02
1.295297360479897610e-02
1.233465616642663229e-02
1.180063473905300191e-02
1.163122124718419213e-02
1.141468325599695292e-02
1.048805790651951772e-02
9.541409228927016928e-03
8.861349528256999911e-03
8.017296569958847624e-03
6.787473292049497030e-03
5.417139059549812632e-03
3.870100056617511910e-03
2.579825397636954613e-03
1.805830617173787792e-03
7.909838042407980755e-04
-6.818022436346958754e-04
-1.560349015214502989e-03
-1.763637137449409033e-03
-1.786464464955829241e-03
-1.851646632339936467e-03
-1.917708212559573848e-03
-1.943627053912331268e-03
-2.117421473943459538e-03
-2.829836085717504779e-03
-3.933416313865182451e-03
-4.495581152341499021e-03
-4.528659250314446237e-03
-4.608309555808364280e-03
-4.947256826205722463e-03
-5.395940736136562409e-03
-6.058429783021794697e-03
-6.794631081759201600e-03
-7.216691299849424708e-03
-7.163952934106351637e-03
-6.957813871344586086e-03
-6.984429495177539061e-03
-7.076748773071880709e-03
-6.907060968942447567e-03
-6.962844640851592430e-03
-6.945705992204529410e-03
-6.681267506052495329e-03
-6.338859060366675707e-03
-6.037995719971032439e-03
-5.796032502809109893e-03
-5.481860617041749151e-03
-4.893088222740145203e-03
-4.107017835167582794e-03
-3.613386321077488930e-03
-3.428574669851619256e-03
-3.301392797379788715e-03
-3.045125002627090040e-03
-2.650410929791160910e-03
-2.266525590152699849e-03
-1.940212086304135032e-03
-1.758024004480008987e-03
-1.678081050344409084e-03
-1.614172161260952381e-03
-1.540002966792818279e-03
-1.459644143534828296e-03
-1.383175566882051660e-03
-1.312596635825025951e-03
-1.245636572933558721e-03
-1.177342354956329362e-03
-1.104644471704269507e-03
-1.035563989707283554e-03
-9.909273705707695532e-04
-9.879693455785323701e-04
-9.718678026440966513e-04
-8.622030417243605914e-04
-7.506650361157642115e-04
-6.839948347360579961e-04
-6.398766951103330601e-04
-5.981595945658348427e-04
-5.519412058537546354e-04
-5.024361308553582182e-04
-4.556559887731926228e-04
-4.214548241332196558e-04
-4.108428269598545109e-04
-4.003340269390824949e-04
-3.567470555998386215e-04
-3.147087016592084604e-04
-2.754938570193756864e-04
-2.566119319523904358e-04
-2.207899045724361238e-04
-1.678298153096132882e-04
-1.278298801784116671e-04
-7.948205086133227194e-05
-3.829237798157926210e-05
-9.459379594627043139e-06
1.237143161227606640e-05
2.406941929016775719e-05
2.092813317108710352e-05
2.557325924623847046e-05
6.558878763589161710e-05
9.435681655748001434e-05
9.763125414124964457e-05
1.051155047793071382e-04
1.288854689631444917e-04
1.597107591593363064e-04
1.796395448936709478e-04
1.886116828362789080e-04
1.959171170862611389e-04
2.091185046470781666e-04
2.281343586413093127e-04
2.424994462895756317e-04
2.471764703332150759e-04
2.498122884375052438e-04
2.557089752035822741e-04
2.596339142417568974e-04
2.573926950578296017e-04
2.528822386997187999e-04
2.512943081001172470e-04
2.519836826823645807e-04
2.494452674342532311e-04
2.438534780124044913e-04
2.374821723590285125e-04
2.311441655736533882e-04
2.263668781983901553e-04
2.244992811148957047e-04
2.227737543118367370e-04
2.202351190271526849e-04
2.176405211074803649e-04
2.154537243025325005e-04
2.136880774977191705e-04
2.121048410116683613e-04
2.105234381637233524e-04
2.091080895826373737e-04
2.082089468010892811e-04
2.076317908709153926e-04
2.071075170637120719e-04
2.065648335299267307e-04
2.060141553340002704e-04
2.054274644856763179e-04
2.047569397031563556e-04
2.040326526513750426e-04
2.032803476093374378e-04
2.024949637358716811e-04
2.016627120724223156e-04
2.007728108269273503e-04
1.998186589022060071e-04
1.987961489489013887e-04
1.977029339102380284e-04
