-1.607048380202238372e-04
-1.640136332102338297e-04
-1.669946497270555035e-04
-1.701755569259230791e-04
-1.732395254479583637e-04
-1.768632229175280007e-04
-1.802681968844383072e-04
-1.842205489723411588e-04
-1.879693314085898771e-04
-1.923329397419816067e-04
-1.962117124377202911e-04
-2.007563786325445210e-04
-2.061373972516345094e-04
-2.105435765190640624e-04
-2.113687168454762616e-04
-2.215994057588137594e-04
-2.463701709144166673e-04
-1.725615439058744444e-04
-3.542425527143788371e-05
-1.789089928032346988e-04
-2.707621773894031548e-04
-2.840500024526463685e-04
-1.624526989621802038e-04
8.776217038184201829e-06
-6.616959699515777282e-05
5.581972698541726809e-05
-1.745188433319551846e-04
-3.325883127894999026e-04
-3.013695402339124085e-04
-2.934191117215475446e-04
-3.167374722325389208e-04
-3.937023047868650231e-04
-1.404404602566168667e-04
2.851161152883962061e-04
-1.569605229042136236e-04
-4.231227619601550245e-04
-3.628858538362893433e-04
-3.655345367651696253e-04
-3.783804475028556191e-04
-3.739443109114734564e-04
-3.996228180206442540e-04
-5.148568180066291806e-04
-1.121335921459254518e-04
5.977232433796065983e-04
-1.031081161573337544e-04
-5.591976868040615320e-04
-5.922461335781309183e-04
-6.664583961094020415e-05
7.781675052381519528e-04
-1.080109563218713064e-04
-6.242332852147467566e-04
-5.046231508797993735e-04
-4.883049935880815536e-04
-5.185121370959264609e-04
-5.356252146065604638e-04
-5.367194452814586869e-04
-5.500143655003749028e-04
-5.593775183422912975e-04
-5.713516008773465759e-04
-5.800299398050496723e-04
-5.922048765618102622e-04
-6.014075562531972412e-04
-6.135136437215756022e-04
-6.228238018822309686e-04
-6.351162028829106894e-04
-6.444444931080635895e-04
-6.569511502911641902e-04
-6.662224164873899917e-04
-6.790441511390790750e-04
-6.881317316384379058e-04
-7.013340644555475251e-04
-7.101170788280554294e-04
-7.238031085541298459e-04
-7.321670707693602462e-04
-7.464927156401757755e-04
-7.541757180998296490e-04
-7.693722276336166467e-04
-7.762104685956147275e-04
-7.925166254388485518e-04
-7.975809022935746988e-04
-8.164180150382262680e-04
-8.201909735604717613e-04
-8.382034715457978898e-04
-8.359449345844166155e-04
-8.796547724995270245e-04
-8.628685977169365260e-04
-8.251128217346517021e-04
-9.021621829954520975e-04
-1.300464075737720873e-03
1.709074966889273549e-04
2.641487915460782356e-03
1.554008149793627324e-04
-1.364111125904851314e-03
-9.599491601437952319e-04
-8.683897675591964417e-04
-9.900159772394414009e-04
-1.386289181026327576e-03
2.056175238081890504e-04
2.554461889378639369e-03
1.444850493682683619e-03
2.653991156457818131e-03
1.902601907458147438e-04
-1.445780747426473169e-03
-1.078624836198258021e-03
-1.031491979846254096e-03
-1.073265803802302609e-03
-1.120961892882420090e-03
-1.095587513927528001e-03
-1.120731519309334711e-03
-1.123213071904585010e-03
-1.140167866127551497e-03
-1.144267289405268440e-03
-1.157343398527010785e-03
-1.165928536891305605e-03
-1.174070447012326174e-03
-1.187397076445484683e-03
-1.192510844200892709e-03
-1.205042115442562546e-03
-1.200704435085457383e-03
-1.251317421497796139e-03
-1.225304478532336563e-03
-1.153768666391035997e-03
-1.269079837144278808e-03
-1.844656384238593490e-03
3.478996587317715878e-04
4.046498672067160539e-03
3.312882350055709963e-04
-1.877873976020125787e-03
-1.306438897570478489e-03
-1.250288185952642831e-03
-1.302370132372830322e-03
-1.258318851040272348e-03
-1.337273918558124245e-03
-1.963054385682151248e-03
3.758664849372472957e-04
4.315953413733418162e-03
3.725908004737111417e-04
-2.017514523170501044e-03
-1.388866211642362158e-03
-1.183439556281227567e-03
-1.404917030475883420e-03
-2.061196155651948310e-03
3.935681099906799315e-04
4.490038751813206323e-03
3.405051050083039254e-04
-2.051227899903996458e-03
-1.342019789352711517e-03
-1.348169800214431367e-03
-2.080193653952614862e-03
3.662005178587696575e-04
4.549895587338739257e-03
3.799261403053895338e-04
-2.000480017939356824e-03
-1.500493157116528867e-03
-2.016875959159933774e-03
3.856521061225061820e-04
4.579762688941367739e-03
3.897776325655382583e-04
-2.135092639958515327e-03
-1.487721876905180856e-03
-1.374326398183640290e-03
-1.450570415478301053e-03
-1.541393663763200713e-03
-1.456746704694365227e-03
-1.380949419423557973e-03
-1.503391659600709310e-03
-2.156860752752219959e-03
3.612314562412843335e-04
4.608723187319118016e-03
3.545959965803101126e-04
-2.160440740559063308e-03
-1.521075240184158574e-03
-1.394330357455694867e-03
-1.492725275572342591e-03
-1.520201046929637147e-03
-1.519969797411407008e-03
-1.501224571312446141e-03
-1.402142912202266299e-03
-1.538152666727399080e-03
-2.176029936301269053e-03
3.287251319173387955e-04
4.585755905622166187e-03
3.255626195665122413e-04
-2.185964906133718282e-03
-1.547153879035479285e-03
-1.419757293119275820e-03
-1.519925124209021636e-03
-1.556512476962642689e-03
-1.515454300189904898e-03
-1.527854179659853115e-03
-1.531387742374021570e-03
-1.534590197823451586e-03
-1.532176093004351944e-03
-1.526314268095274899e-03
-1.567622089234283877e-03
-1.538434721064027913e-03
-1.440923631598494846e-03
-1.571623406655781605e-03
-2.202078793017665966e-03
2.730945565264920839e-04
4.522015129324541416e-03
3.935745043902370930e-04
-2.146500949524537093e-03
-2.280939258459878122e-03
-2.802795841713208317e-04
6.382110922685577982e-03
6.352006439948704522e-03
-3.812809646608690431e-04
-2.254972740587093440e-03
-1.496146717307975235e-03
-1.455318914108323040e-03
-1.605124804664232688e-03
-1.580705205917184736e-03
-1.567890128448596113e-03
-1.541604766543099849e-03
-1.645173016685003197e-03
-1.551978584893099746e-03
-1.412000798861972077e-03
-1.624987736767972632e-03
-2.823989334491917077e-03
2.079569105064364622e-03
9.937168454762690742e-03
3.946088204172301835e-03
3.166621409500851737e-03
2.053859239119009371e-04
-2.063173163843787673e-03
-1.604354848881943798e-03
-1.561710335451952899e-03
-1.558823220254654772e-03
-1.634899056081512035e-03
-1.574358107397882348e-03
-1.610453178980119542e-03
-1.586586301619447373e-03
-1.612119226645550600e-03
-1.590090082198692464e-03
-1.612042143472807365e-03
-1.599933077790936667e-03
-1.610310399921515388e-03
-1.578256063292292300e-03
-1.652122765463935519e-03
-1.661792323917507010e-03
-1.408100215132127410e-03
-1.458066754027595837e-03
-3.000395927205455095e-03
7.110920057742304602e-04
1.423325893639236853e-02
1.439327659544648551e-02
7.575089521593799313e-04
-3.763223267906070594e-03
-9.494623448701149527e-05
6.676976833002810224e-03
4.865421539841489201e-03
1.856012137095926608e-03
1.357444307407692889e-02
1.433455323293834037e-02
8.387388492183065749e-04
-3.085698969187753923e-03
-1.560369263435246743e-03
-1.194217185342985122e-03
-1.547940477775519921e-03
-3.058430796829779679e-03
7.401231929251662683e-04
1.424779086634478734e-02
1.417530640561165400e-02
8.230928046362024882e-04
-2.859983672382500775e-03
-2.195421609917100683e-03
-9.510197753375892668e-04
8.076234381898068568e-03
1.242614906484096338e-02
1.481955530016888312e-03
-3.607895419157270810e-03
-4.461405856919616530e-04
5.828058975634709850e-03
8.132759122092738518e-03
5.540729697343433312e-03
-4.680650546940148728e-04
-2.144029908271024350e-03
-1.590115484607891811e-03
-2.228106627050587766e-03
1.470438603252909829e-04
4.392241228285320188e-03
3.826696880934528540e-04
-2.221461707182049560e-03
-2.887842231768077660e-03
9.407589539112702669e-04
1.295757622474650109e-02
1.650146633217241393e-02
1.588177893947569433e-02
1.474065016152428451e-02
7.086419872041933507e-03
-1.559331268438645399e-03
-1.627288844663391703e-03
7.080092044315816277e-03
1.494805645291269296e-02
1.578584542721596720e-02
1.525879799303448553e-02
1.662115547675942218e-02
1.283544319320546918e-02
8.680357981261780688e-04
-1.552286917584073337e-03
-5.218717371043356083e-03
-1.368342816899434551e-02
-5.369061967863324701e-03
-3.599030854291781220e-04
-1.551123662431763911e-03
-1.896953813164404352e-03
-1.690248277891845266e-03
-1.448885972964828947e-03
-1.543465274030679166e-03
-2.808089178223303027e-03
6.904548257569918237e-04
1.269255026173240868e-02
1.774898740741259751e-02
1.424355129184389987e-02
-1.640294878173549327e-03
-1.858434125421329700e-02
-1.794403411280771909e-02
-3.230505840802225422e-03
8.299492652572125137e-03
1.458618599468826903e-02
1.571119738197515256e-02
1.588905804362907709e-02
1.477697560667960881e-02
7.083516989832028612e-03
-9.126945474166625908e-04
-3.420890766136661706e-03
8.818122253911970729e-04
1.307292944086669607e-02
1.687215755800508879e-02
1.525555699599868281e-02
1.389698359529932710e-02
1.932645074034883975e-02
2.793634331443627800e-02
1.793437243786045326e-02
1.574272264773690991e-02
3.168869084742437225e-02
4.133338121833458889e-02
3.253759556561530014e-02
1.525278024988963206e-02
8.028989404567529048e-03
1.362356607779794358e-02
1.739299454110985674e-02
1.410558117208467882e-02
-1.725861579644436374e-03
-1.691878411806339161e-02
-2.167265229182287894e-02
-2.405792975620694996e-02
-2.183165385450901511e-02
-2.490935719641493296e-02
-2.837904599062388358e-02
-3.632894893590183499e-02
-4.300456192231418007e-02
-3.746278985024842356e-02
-2.523218677953512068e-02
-1.332478994835427366e-02
-6.402522196449969907e-03
3.499152961044967730e-03
1.427311444048128030e-03
-1.342558495616770486e-02
-3.346553681422254761e-02
-3.546196470992200173e-02
-2.997181208523997525e-02
-3.392151881880549336e-02
-2.659833710573708890e-02
-1.183081294716999826e-02
-1.009544298297863386e-02
-9.221477474194656257e-03
7.809351415176976098e-03
2.021176849820956883e-02
1.192790270702087652e-02
3.189219042346692207e-03
-8.835448448876338096e-03
-9.876885909896777893e-03
7.097390209035549583e-03
2.235143094398856292e-02
2.650161524284702988e-02
3.044565461132562115e-02
3.422707476366999846e-02
3.981395801069353285e-02
4.286982404013930936e-02
3.860599461819302913e-02
2.733019803367833789e-02
2.013409844221915670e-02
1.212245888313490463e-02
1.009143991366684597e-03
-2.304550359838265783e-02
-2.803759381372501053e-02
-1.991368436543030154e-02
-2.625229497627940695e-02
-4.476283785204235310e-02
-6.130797880913505665e-02
-6.169999053979243614e-02
-4.352439156850241436e-02
-2.034563919469107099e-02
-7.752382570793886485e-03
-4.931223415064855085e-03
-6.110616104777054358e-03
3.333610715962523514e-03
9.806197136710510104e-03
1.326130144425835371e-02
1.688827494866961335e-02
3.227793914633890482e-02
5.089093256623897221e-02
4.662555272138638185e-02
1.892202686698948172e-02
5.396243421651962698e-03
7.172562945418106163e-03
7.418094749234424579e-03
-2.766084980694168919e-03
-1.700604577338948875e-02
-1.989865314674534036e-02
-1.781188026881004582e-02
-1.959754700321647211e-02
-2.641141041183437191e-02
-2.754924563604128906e-02
-1.847186989761952919e-02
-2.170842589153696833e-03
1.685433207430817731e-02
3.157518587555972756e-02
3.253491517347217865e-02
3.332396655991815004e-02
5.032939917170627109e-02
6.543766599160494302e-02
5.113207150515405863e-02
1.419707364246021453e-02
-1.748732507375458378e-02
-1.836040587794229850e-02
-2.527043054455758130e-03
-1.696454349242833021e-03
-1.686399374925544661e-02
-3.818469128189316136e-02
-6.738180872161061985e-02
-9.789773165245301001e-02
-1.280686110313027926e-01
-1.398894907605306159e-01
-1.200698303469443506e-01
-6.975871215041029583e-02
-2.014392654674393435e-02
-1.469289363222917543e-04
-1.448531215181180680e-03
-1.168629951717903639e-02
-1.613478693510297587e-02
-3.149049073950793091e-03
7.376921823647716696e-03
7.193174810620660102e-03
7.037878495897073421e-03
1.614858307113375274e-02
3.140301885734708004e-02
4.326814257583933010e-02
4.785029922286147125e-02
3.402261164796815951e-02
7.491116164341324324e-03
-2.974447804180711113e-02
-6.528287772506534414e-02
-7.563818735415513139e-02
-6.407435372767215920e-02
-2.309589672256364551e-02
1.808295901277478732e-02
4.972605691541173017e-02
6.537148833591445440e-02
6.912755863576799942e-02
8.264700987365368456e-02
1.022595880955551040e-01
1.171022157908383071e-01
1.198904367812870103e-01
1.165652614170690216e-01
1.112285656223064717e-01
1.100699529792646264e-01
9.875931129688933496e-02
7.010627842441995161e-02
3.996181755113768080e-02
-1.721274254921059807e-03
-5.283602131700104038e-02
-8.526881004603968639e-02
-8.870889189435400557e-02
-8.632747734805855389e-02
-8.692459163437349368e-02
-8.688644422331696926e-02
-8.625725282579904674e-02
-8.880025297295782161e-02
-8.549981429962930091e-02
-5.172697840970407607e-02
-3.763400208825322564e-03
1.720527949657680786e-02
8.037120803346810977e-03
-2.176523969362942693e-02
-4.835018359810235727e-02
-3.897350616315004013e-02
-1.558782050832848570e-02
-4.950947947835714243e-03
-1.499800284506982995e-02
-1.978598032276826860e-02
-1.950741224781539149e-02
-1.634422541922734770e-02
-2.713147235867500832e-03
7.060297435933372834e-03
8.888066473725149408e-03
4.656476212833647078e-03
-7.032113024953925637e-03
-1.198815897353244266e-02
-9.656121455049999566e-03
9.627048835693713044e-03
3.751553050741750217e-02
4.556762997274058785e-02
3.805874788897219835e-02
1.792728604163892903e-02
6.818256273519127456e-03
7.056325024701653494e-03
7.195407594794783757e-03
7.430637407762976515e-03
1.619589286840501102e-02
3.208509982270870559e-02
4.318031155616910283e-02
3.888188230100278475e-02
1.874040840066431776e-02
4.799354253239245145e-03
1.304160564248824485e-03
4.406120579104853829e-03
1.834314099913806912e-03
-4.193774833044855259e-03
-1.551918144678107736e-02
-2.098570107145610042e-02
-1.617733159078645760e-02
6.216498601991549480e-03
3.339609188314190957e-02
4.963183149618438650e-02
5.119089122162813477e-02
3.983195868341941198e-02
1.842471777047434076e-02
-4.055571711877115418e-03
-2.483185357000203264e-02
-2.720111875713895205e-02
-1.859814614969552277e-02
-1.860564424013510729e-02
-2.616729325942692211e-02
-2.682712521811034256e-02
-1.916094966468820035e-02
-8.022841145596098719e-03
5.072766515069760535e-03
1.823089738828195805e-02
4.010362431063117100e-02
6.009962124131938699e-02
6.497273182764203014e-02
5.366533114230254142e-02
3.814956588158623096e-02
1.829254640757377315e-02
1.469213155995319035e-02
3.485471573828161085e-02
6.464627583162231572e-02
8.717261550212679344e-02
1.076910611549862229e-01
1.212697876008212855e-01
1.158454096970631259e-01
7.020012718723503409e-02
-1.204722395464706552e-02
-1.114846919826492783e-01
-1.799038912987113159e-01
-1.898572559792015557e-01
-1.637394623799079130e-01
-1.296856057686243402e-01
-9.405592384182533128e-02
-5.361160066711982697e-02
-1.720520066151377467e-02
7.108555005851313266e-03
7.274911879918431745e-03
-1.729511643062864659e-02
-5.393504341184138240e-02
-8.428420390601458478e-02
-8.885175854747272284e-02
-6.801362795456297738e-02
-1.833209533086200063e-02
4.984265397363756012e-02
1.187807018773256312e-01
1.799446227479450378e-01
2.192291857914690223e-01
2.232709718786570763e-01
2.032056088519512693e-01
1.630175959860689638e-01
9.952471216442541901e-02
1.764997056824313404e-02
-5.204821377266070220e-02
-9.619717174831643458e-02
-1.203097517221081575e-01
-1.194092801132421860e-01
-9.788511804236771363e-02
-6.598334477901655892e-02
-2.093663062444377568e-02
1.808738253575608093e-02
4.157874221284766497e-02
3.957811853990456097e-02
2.057133522070313594e-02
3.750814628984674558e-03
-2.577083172743389883e-02
-4.963828721190163829e-02
-5.643016439738477580e-02
-6.504396368681808482e-02
-7.271402843668317573e-02
-8.516354771798770318e-02
-8.495354862897065706e-02
-7.204647064182254090e-02
-6.717288704512168473e-02
-6.205467824782941177e-02
-5.098419444580702675e-02
-3.583780649320617018e-02
-2.674477761504663598e-02
-1.737954002368555587e-02
7.557989320476794608e-03
4.251054637954353177e-02
6.607514383019277848e-02
6.879045990623883222e-02
6.815850928151476196e-02
6.593904823304344576e-02
5.202536912328402374e-02
3.249289608487558600e-02
8.806621094160598309e-03
-1.965038401435148518e-02
-5.002697911046018187e-02
-7.064848846905810720e-02
-8.606686614857431139e-02
-9.388765477950708482e-02
-8.834519947022836939e-02
-6.720639194691072071e-02
-2.648601465981794550e-02
5.783840388779494003e-03
1.004432282432744968e-02
6.727630112891809684e-03
7.634467215125120658e-03
1.783340224101805788e-02
3.130796129023215996e-02
3.549607401386095651e-02
4.047797698716915776e-02
5.177943000497536863e-02
6.759961248186793781e-02
6.696760930043517412e-02
3.413400559203380591e-02
-1.765756501264864956e-02
-7.015120565089731641e-02
-1.094488202770789731e-01
-1.328609069185651415e-01
-1.505380055079430790e-01
-1.570399711288480160e-01
-1.717670616595306232e-01
-1.875115624759114974e-01
-1.737243610856113729e-01
-1.174758939896148047e-01
-2.922863394602776346e-02
5.228388681387217268e-02
1.184989103242398562e-01
1.711652873450453249e-01
2.042194277625558052e-01
2.042599840227605490e-01
1.715736529715563008e-01
1.184008920625354844e-01
5.067021190864943320e-02
-1.723753179680875824e-02
-6.921865693082836224e-02
-1.029733081995473087e-01
-1.212745177046032630e-01
-1.191349340938873125e-01
-8.652225251045878029e-02
-3.537651626104566793e-02
1.802373636153409633e-02
6.559384701092478565e-02
1.045338920695430274e-01
1.436503612397777296e-01
1.704554213996902767e-01
1.791542574437818558e-01
1.806820809653616189e-01
1.756608130172456206e-01
1.577297779303868941e-01
1.337376404140067088e-01
8.400718625396802475e-02
2.102643252068982574e-02
-3.135477179877087239e-02
-8.277406571690855419e-02
-1.119426361043566048e-01
-1.217684631717623339e-01
-1.271065604787565972e-01
-1.216063257254577784e-01
-1.018655879694189970e-01
-6.975204620785828424e-02
-4.261218229469598134e-02
-3.554393565657344017e-02
-5.037777762205419146e-02
-7.936068267660806308e-02
-1.173116542749626789e-01
-1.581147558215314219e-01
-2.023304520577703380e-01
-2.330399501061645728e-01
-2.568123129857116105e-01
-2.750736669866786221e-01
-2.709439360069514913e-01
-2.443115246350812675e-01
-2.194931956581151200e-01
-1.896620078064231441e-01
-1.635519225244038422e-01
-1.527611542854740156e-01
-1.562176338268992382e-01
-1.700546764959391111e-01
-1.721960995914591785e-01
-1.535398695192112251e-01
-1.208907661366614567e-01
-8.576201095982566303e-02
-4.284091785036054506e-02
1.687906000574619994e-02
8.516879462940513124e-02
1.444335437937534772e-01
1.885667259973511645e-01
2.228217872083978757e-01
2.372563996552279897e-01
2.239638444882027790e-01
2.037210149751582100e-01
1.892741392963007141e-01
1.781006706236028803e-01
1.544551446010245244e-01
1.190449745275151960e-01
8.543425856499163584e-02
6.860300764524923656e-02
6.767044140627737070e-02
6.858639972530360118e-02
6.684181481818882165e-02
7.120400412044596006e-02
8.173036831741448127e-02
7.080519505546484238e-02
3.345890590947632470e-02
-3.615083425015592350e-02
-1.259563569091049218e-01
-2.067665886491524274e-01
-2.831977078267450820e-01
-3.578242924115119794e-01
-4.206917513997603941e-01
-4.703942804285824453e-01
-4.957572720965922608e-01
-4.883679740439934580e-01
-4.536000469506598076e-01
-3.931788399683258661e-01
-3.084586518853843495e-01
-2.055513899497557750e-01
-8.604094693173934549e-02
5.315130025297296057e-02
2.017579343111216839e-01
3.450487200689543732e-01
4.942817425001577170e-01
6.344489954661080011e-01
7.336469800915187411e-01
7.714855328899882236e-01
7.678674414693453798e-01
7.552079318584752343e-01
7.510774125281177716e-01
7.352971731498286756e-01
7.021126045002556992e-01
6.676264689600077684e-01
6.320387448056452584e-01
5.895675809198125394e-01
5.583259461959454439e-01
5.538359389781575270e-01
5.561832967772226688e-01
5.578493444426536607e-01
5.531686439668401789e-01
5.331041568852792345e-01
5.191140865994408049e-01
5.325545889014245970e-01
5.896336271837312459e-01
6.663758820767607949e-01
7.274230394595768701e-01
7.542548159464061985e-01
7.165777874326398900e-01
5.829682977933189347e-01
3.747303840844271039e-01
1.481380034056747341e-01
-5.312929651093530048e-02
-2.395896547374617158e-01
-4.180761791973539587e-01
-5.748904192623840448e-01
-6.987028128350489808e-01
-7.895755520206302336e-01
-8.714568894837529944e-01
-9.406424532070103428e-01
-9.844843836499582723e-01
-1.000000000000000000e+00
-9.838580828714182935e-01
-9.342200234052543406e-01
-8.349412766374918471e-01
-6.778053019207724850e-01
-5.053401119808272890e-01
-3.400806219911284289e-01
-1.727533758925881013e-01
-7.887266735807937565e-03
1.471945228901985203e-01
2.696712753060552248e-01
3.468580723600765414e-01
4.082569217185342825e-01
4.526365072913673959e-01
4.825195510956321598e-01
4.930139870920723366e-01
4.460569329306321440e-01
3.429439990750019485e-01
2.043552868545160384e-01
4.400524165574655477e-02
-1.204740790312747445e-01
-2.738128315452373340e-01
-3.916282418729809534e-01
-4.646421238516359464e-01
-5.096196295803171461e-01
-5.422443816878411704e-01
-5.877499947443292072e-01
-6.421595901978234266e-01
-7.011304072093790252e-01
-7.539119710167271338e-01
-7.670634114209232690e-01
-7.128844523240577269e-01
-6.043483668878720794e-01
-4.638959937772857423e-01
-3.239823269307582909e-01
-1.881498637029354881e-01
-4.258244395702964064e-02
1.199620890941325707e-01
2.911134489113753610e-01
4.455661408659944422e-01
5.541623161391141528e-01
6.013555251115954015e-01
5.825644870815610554e-01
4.585942481938011239e-01
2.256696600632082106e-01
-2.746681043846310039e-02
-2.185985052872048973e-01
-3.291463739374785313e-01
-3.909917801307610796e-01
-3.936922314176997117e-01
-3.245706992845280303e-01
-2.048491447271605925e-01
-7.783440081848314041e-02
2.654399346895299980e-02
1.124195882357063303e-01
1.781331681884753826e-01
2.064903155504789756e-01
1.895121335921459427e-01
1.101458098288052856e-01
-3.508745436325796246e-02
-1.857453066859141022e-01
-2.725227395359592908e-01
-3.108965824124230171e-01
-3.403330693818630293e-01
-3.245166534690931415e-01
-2.139140382472687896e-01
-1.602306013188230238e-02
2.050558677813360819e-01
3.752450018570037127e-01
4.820294597871102593e-01
5.627687399704280891e-01
6.348021765484958001e-01
7.011135014680840438e-01
7.534796920877626647e-01
7.931212903723117158e-01
8.270062647596757577e-01
8.112736767972642538e-01
6.292884522399669889e-01
2.922939601830374934e-01
-1.830530892833367269e-03
-1.344299874564655328e-01
-1.856419451588263714e-01
-2.235671289321177757e-01
-2.453368184270828256e-01
-2.311038485525882535e-01
-2.074455337308956371e-01
-2.015727595075086087e-01
-2.062595040048212092e-01
-2.325672025115099184e-01
-2.695572272482008036e-01
-2.933551677259763624e-01
-3.235463690321856989e-01
-3.681058737377630452e-01
-4.177117860171124519e-01
-4.626868390993882363e-01
-5.037435267653799231e-01
-5.381064168237528200e-01
-5.653278137109941648e-01
-5.806197136710510298e-01
-5.641425723355500965e-01
-5.119260807411196712e-01
-4.383868068646069593e-01
-3.408690602159730187e-01
-1.847931543135042654e-01
5.422974639636167493e-03
1.463526520115204232e-01
2.235559168342641789e-01
2.747916126500494216e-01
3.074889806100782885e-01
2.908482127215265556e-01
2.072875132267716913e-01
6.771864466759633383e-02
-1.034378219098407159e-01
-2.525698478658472412e-01
-3.448952544795834685e-01
-4.093520283385773673e-01
-4.610182511930372984e-01
-4.953062479415289432e-01
-5.064497592902742484e-01
-4.678158483003160284e-01
-3.423572910170073480e-01
-1.530730783515413251e-01
3.333572174376151637e-02
1.723199582349354830e-01
2.742871558411525967e-01
3.603973812743950789e-01
4.267614380917009176e-01
4.630344141328493479e-01
4.798815546975186419e-01
4.801435498903317001e-01
4.427300932706390024e-01
3.627923904893380347e-01
2.727566168896239374e-01
1.878968907451139814e-01
1.225320245544943148e-01
8.443946518293238279e-02
5.078864845167935932e-02
2.125387167754006976e-02
4.370212959783606813e-03
-1.278043383811132243e-02
-1.807211481188202018e-02
-1.773584823024042939e-02
-6.225710917079529255e-03
3.452038499541004724e-02
8.475854572083277305e-02
1.213593967891354736e-01
1.539986019915488835e-01
1.976924101105092257e-01
2.571781076781847752e-01
3.244197739360770161e-01
3.957173289979888375e-01
4.701253652691254059e-01
5.224375976678836686e-01
5.300382612839253937e-01
4.910485413761448981e-01
4.068068821258137291e-01
2.779204011128007523e-01
1.445449640161734772e-01
2.567645739753193768e-02
-6.685303567549386039e-02
-1.192774503689481014e-01
-1.376004709081098398e-01
-1.267806212903723195e-01
-8.399601795337169330e-02
-3.570222770369228110e-02
-1.612629026719830660e-02
-1.512010083880506971e-02
-1.740339200997876798e-02
-3.532169085443193079e-02
-6.449082184677266960e-02
-8.789513885482434785e-02
-1.182088848867928477e-01
-1.528452450193759360e-01
-1.882995627281837114e-01
-2.309607191159260831e-01
-2.716884893800410872e-01
-2.999499835322312347e-01
-3.239981815378793484e-01
-3.429644961913905221e-01
-3.387875517683580640e-01
-3.018283603007645421e-01
-2.544749409612972468e-01
-2.047695213134972658e-01
-1.623452204929118625e-01
-1.369438624275593486e-01
-1.176432871067882302e-01
-9.474170129569806087e-02
-8.394131517907822693e-02
-9.570927030265656554e-02
-1.163724658906960530e-01
-1.204186317036081977e-01
-1.203004667035731529e-01
-1.258764707118981419e-01
-1.284616476177795896e-01
-1.369650603000637512e-01
-1.526975606679607522e-01
-1.616599686061260255e-01
-1.624823059080748033e-01
-1.625141027168314767e-01
-1.520062647596757133e-01
-1.201890464811531667e-01
-8.453195623077300325e-02
-6.826771336271837687e-02
-8.414496366579539421e-02
-1.290642102828952476e-01
-1.864677862413544052e-01
-2.303466815694134029e-01
-2.570068604023741377e-01
-2.720259910443368345e-01
-2.660972439261963807e-01
-2.283475995599251462e-01
-1.549019642193927015e-01
-6.817264703615201482e-02
1.999841453928789467e-02
1.002935292180262561e-01
1.564988122183836317e-01
2.051751715100593454e-01
2.577031491979846489e-01
3.080189274226891039e-01
3.432761574739143229e-01
3.589716929567002834e-01
3.615161384133480094e-01
3.579778455953974148e-01
3.444350329004996492e-01
3.241222153703846587e-01
2.933837235376971497e-01
2.469210528159884732e-01
1.804969061617485160e-01
1.217752955438918677e-01
1.012867634177277293e-01
1.217999971969755402e-01
1.805465722514593141e-01
2.545221544046025741e-01
3.295338920695430884e-01
4.085352970855553045e-01
4.635166219350679295e-01
4.873594983987722951e-01
4.985859617527312326e-01
5.115690455000946324e-01
5.155759689705191606e-01
4.968548313630407054e-01
4.269014141258418160e-01
3.011742044666194662e-01
1.702882034715458015e-01
8.925504369214382061e-02
6.592613680160894218e-02
5.309086879743243198e-02
3.454796850802015207e-02
1.927121363951703886e-02
5.974577444062142972e-03
-1.281401757496338639e-02
-2.763647225356159406e-02
-5.012497109381022081e-02
-7.511674596890045852e-02
-9.590723390538391513e-02
-1.159840718134867443e-01
-1.313851145385871444e-01
-1.495817361933526324e-01
-1.648506863906154807e-01
-1.863772135133809627e-01
-2.045770761651822256e-01
-2.130357280505665585e-01
-2.232542413263911840e-01
-2.370260260821426546e-01
-2.398549785218250519e-01
-2.305717118771154206e-01
-2.045563162652502265e-01
-1.522993560051295325e-01
-8.645910562496934848e-02
-3.285809513465028781e-02
8.970764454846779160e-03
5.241561144474888440e-02
1.026221417909924799e-01
1.549248263876722986e-01
2.058656790677140802e-01
2.491195875349502264e-01
2.733738954331724202e-01
2.751660791994562372e-01
2.657225145932461396e-01
2.489337995697357420e-01
2.213939966223555378e-01
1.914901053236442163e-01
1.699854768294990492e-01
1.371314022830634194e-01
8.771775996300007483e-02
3.380981829393916310e-02
-2.577035871705570316e-02
-8.227034470193338167e-02
-1.311834719662516024e-01
-1.846927709999089118e-01
-2.321396536863275517e-01
-2.717046943652201008e-01
-3.008652586140445617e-01
-3.130781237955754803e-01
-3.012392871908790015e-01
-2.807463753389907724e-01
-2.553604339081869679e-01
-2.313304555615509350e-01
-2.221776171489036888e-01
-2.195830676299727613e-01
-2.160317232293644807e-01
-2.202589469037091185e-01
-2.215478125897843986e-01
-2.225710041134384143e-01
-2.388168959307092332e-01
-2.644433718982782677e-01
-2.813012865882287272e-01
-2.820628332971276131e-01
-2.734864543842806528e-01
-2.552449843381008332e-01
-2.222201880829414999e-01
-1.789016348640182774e-01
-1.285255916133508092e-01
-6.591233190612671988e-02
7.133175196036524099e-03
7.026937065093236123e-02
1.194890787159344908e-01
1.562283203576659285e-01
1.778917577065654010e-01
1.819835602615222092e-01
1.888717300967744095e-01
2.042341436409886302e-01
2.251543415345157451e-01
2.560432331485673063e-01
2.826641696390405079e-01
3.009297281767026599e-01
3.167088288263035789e-01
3.253043033433074549e-01
3.260977344554774615e-01
3.261269910233141611e-01
3.243532021050714031e-01
3.183274002648858181e-01
3.171196470992200811e-01
3.158849148230941095e-01
3.102513612187550174e-01
3.069019221740257319e-01
3.020063523541901551e-01
2.890301009789562614e-01
2.595401813556827975e-01
2.212023398246708294e-01
1.737240983020679475e-01
1.171753572104300561e-01
5.635053222426999325e-02
4.607986517452330663e-03
-4.713778792316910410e-02
-8.741239672606741784e-02
-1.171478525328829845e-01
-1.379215923981976510e-01
-1.528959622432604915e-01
-1.524292586701050667e-01
-1.372855686285502086e-01
-1.279116416613526042e-01
-1.269186702451945703e-01
-1.275035388183850538e-01
-1.377022557339369069e-01
-1.608637344694925919e-01
-1.785319860129079284e-01
-1.889446087328227053e-01
-2.041493521509709086e-01
-2.208832330084160855e-01
-2.406126710720867812e-01
-2.721362725380686021e-01
-3.067308500872441557e-01
-3.435846653539169071e-01
-3.820715927485757168e-01
-4.032237409164488584e-01
-4.003179680875664781e-01
-3.683096185784461296e-01
-3.143731210976643542e-01
-2.574898565552231067e-01
-2.218704231866183707e-01
-2.030771076992074486e-01
-1.894928627989600767e-01
-1.866388583281360647e-01
-1.875897843773431384e-01
-1.880006026502596128e-01
-1.873033503149898749e-01
-1.797339579406179166e-01
-1.599552917598088264e-01
-1.308532406466577369e-01
-9.988192259447943588e-02
-5.003366257191509126e-02
6.008634191292405204e-03
4.679248158763305715e-02
8.357921697511615233e-02
1.136096473094468928e-01
1.362368871011821747e-01
1.462400054658976878e-01
1.466460060405177235e-01
1.369234529056852501e-01
1.030305074175034974e-01
4.407381064168237189e-02
-2.630518454412310650e-02
-9.150438322950463221e-02
-1.388138301227024030e-01
-1.684418862953126483e-01
-1.713537031456942028e-01
-1.533492638557003018e-01
-1.201433221445940142e-01
-6.499991240548552707e-02
5.449576217738940839e-03
6.317514347981471878e-02
1.103716284871376213e-01
1.468648171376915890e-01
1.707688345725037193e-01
1.808815336748351710e-01
1.806212903723117269e-01
1.698036306174362242e-01
1.565663475890485823e-01
1.627579658451469291e-01
1.787123431182245648e-01
1.907988094153591774e-01
2.042837221361849254e-01
2.152494166205335679e-01
2.231938011113992204e-01
2.217313230976223348e-01
2.074529792646265247e-01
1.874763494810901265e-01
1.559744714546996147e-01
1.095822267226337215e-01
5.379131833248074895e-02
9.677345605908774934e-03
-2.870796339250050733e-02
-6.346121840465862585e-02
-7.040298732332186948e-02
-6.743778161636405921e-02
-6.818148532266314621e-02
-6.631323448000392418e-02
-6.199577093684085355e-02
-6.486546358520843547e-02
-7.057617919735394152e-02
-8.337948396319629085e-02
-9.358913267415541748e-02
-1.032350406088169137e-01
-1.177625908355115214e-01
-1.292794300049753820e-01
-1.344571417559546622e-01
-1.299341990007217840e-01
-1.173454657575524057e-01
-8.654187368170256078e-02
-4.038630056831320897e-02
6.992780460116466285e-03
3.638943294815105006e-02
5.065339376186905884e-02
5.326474390867746295e-02
4.203427748540675135e-02
9.423006173661381546e-03
-3.309926035191972093e-02
-6.876222819422156407e-02
-9.276083894522189899e-02
-1.025428687553870677e-01
-1.026587562980455920e-01
-9.174728281816080244e-02
-7.057272797348339288e-02
-4.819063018997498532e-02
-1.859639425940589827e-02
1.061209294829120603e-02
3.370771812785996330e-02
4.341555538425961869e-02
4.423019312838552541e-02
4.197002690903484795e-02
3.548388085744518666e-02
3.499563779317884510e-02
4.248428554410208641e-02
5.275889434700041514e-02
6.767324443074076989e-02
8.786973644562481867e-02
1.105225538355886078e-01
1.195390951837032173e-01
1.224977750993321846e-01
1.353392185167796025e-01
1.472393712816128519e-01
1.533271900380510644e-01
1.559916399795379105e-01
1.609772569602601067e-01
1.660954044413922581e-01
1.678726971402142998e-01
1.574801335641156930e-01
1.532275950750860427e-01
1.545596448568005155e-01
1.545777769212980934e-01
1.544381512652151511e-01
1.549899091119317784e-01
1.532603554235019705e-01
1.474063264262139017e-01
1.451397307695002914e-01
1.454867802358745243e-01
1.552134503128876075e-01
1.808761904094517980e-01
2.037281101308311693e-01
2.067531866884368408e-01
2.072493220184579155e-01
2.040406473584998048e-01
1.714957814481826159e-01
1.212420201397307606e-01
8.598093592986832956e-02
6.829618157992473071e-02
5.244871341177130553e-02
3.348452730496205565e-02
1.971657918894487160e-02
1.548657876849120207e-02
2.209812512701204643e-03
-2.712795981864431910e-02
-6.560583869995725848e-02
-9.600533976160277594e-02
-1.170027960169022496e-01
-1.296531082037518656e-01
-1.438358864214487332e-01
-1.547435933372108274e-01
-1.509350714420860107e-01
-1.315816766290827944e-01
-1.074494754840472910e-01
-6.944132218663938427e-02
-3.363380587654078713e-02
-1.670071757426263084e-02
-1.625773459562868464e-02
-2.533828125547465601e-02
-4.274606175062892893e-02
-6.712700503843647970e-02
-9.448653847501455039e-02
-1.272087832771560401e-01
-1.623628269903225618e-01
-1.965303812814026274e-01
-2.213745506401407215e-01
-2.308838987267261555e-01
-2.302116108280835294e-01
-2.231037539505126011e-01
-2.026496464685395571e-01
-1.644243638886358216e-01
-1.260986979951367604e-01
-9.480354302292172408e-02
-7.608449016488791350e-02
-6.751367350371050013e-02
-6.921402318101231577e-02
-8.371887766900486250e-02
-1.031448182589013440e-01
-1.277731547339579499e-01
-1.524062213127965193e-01
-1.731429086984856980e-01
-1.846870773564676382e-01
-1.731176814783151052e-01
-1.517974394371527092e-01
-1.295837333482827980e-01
-1.091610722970084713e-01
-8.590240744763599778e-02
-6.802984169919343294e-02
-5.947533513661240612e-02
-5.038294569840857939e-02
-3.449397524929399134e-02
-1.600347399844432097e-02
-1.596519519561606757e-04
9.427499772254262916e-03
1.675520136226989198e-02
2.787231172435057636e-02
4.065657344274472423e-02
4.535028170395857122e-02
5.056548390713580532e-02
5.238205398625116888e-02
4.270264114980063669e-02
1.764964646853955238e-02
-1.634960372241648849e-02
-5.141297835364357777e-02
-8.471125344246442646e-02
-1.113005683132099605e-01
-1.269789352711575836e-01
-1.293392570583659917e-01
-1.178631493381358530e-01
-8.631416298185742852e-02
-4.134212315087979622e-02
7.822989005136542912e-03
5.274133164684694647e-02
9.397498651044478013e-02
1.285735934072864683e-01
1.548866351793585228e-01
1.714624955326797540e-01
1.703878860290253261e-01
1.560673216400496055e-01
1.445991850206372886e-01
1.374714441882791682e-01
1.376482099185020458e-01
1.459837915110404338e-01
1.526145210682326170e-01
1.575008058695332447e-01
1.682929756206947292e-01
1.733203751848244323e-01
1.799193079332599976e-01
1.875643819681436231e-01
1.895196667203913055e-01
1.888215384399767327e-01
1.783123865651037587e-01
1.565139660693888879e-01
1.359637674050300227e-01
1.118277121013573627e-01
8.565589896498321254e-02
6.966080776157473897e-02
6.789147740411904941e-02
6.922977267471601415e-02
6.888507950078133490e-02
6.796975186225938381e-02
7.043466149975823043e-02
7.582830248838497156e-02
6.903557563611137371e-02
5.270917570058093055e-02
3.342329873933975320e-02
9.249034708450417849e-03
-8.238710818973673383e-03
-7.134679193850164761e-03
6.310043411841377396e-03
2.074877542868755476e-02
4.043402205980253100e-02
5.258920625354757822e-02
6.165521222398968881e-02
6.520109948634576769e-02
5.658918347897381323e-02
4.611413214858833126e-02
2.321928235566175780e-02
-4.877606812750959024e-03
-4.773273862497635217e-02
-8.604473101476493857e-02
-1.196131125484397734e-01
-1.627430747776851261e-01
-2.120393404483437716e-01
-2.577353839793136703e-01
-2.988447159485084770e-01
-3.236620813858153145e-01
-3.261067566904690129e-01
-3.157862833997883700e-01
-2.898583071133753464e-01
-2.488069627127670880e-01
-2.043849813949251137e-01
-1.620050033986671634e-01
-1.291486513948550685e-01
-1.090889820115905212e-01
-9.607935712633931813e-02
-9.119070727314772251e-02
-8.733929034428147831e-02
-8.536615382998254120e-02
-6.510379949966013657e-02
-2.124042591956721085e-02
2.102277982943596274e-02
6.696436830339937141e-02
1.113020574199561352e-01
1.559274332004232377e-01
2.034091785036054034e-01
2.417110186891656132e-01
2.725936910926889944e-01
2.920161103831033778e-01
2.998901564788406526e-01
2.892258747188216073e-01
2.601285537094524813e-01
2.196165287345045181e-01
1.564242692865601969e-01
8.335782183976511717e-02
2.140871250078835164e-02
-2.161020616244928652e-02
-6.438993048499330740e-02
-9.639084321983421022e-02
-1.170593820732570567e-01
-1.308748764917345708e-01
-1.426650981408940366e-01
-1.384783431322396952e-01
-1.176056214655613469e-01
-8.746511986433362640e-02
-5.842627695283210409e-02
-2.433772415436255901e-02
6.026583183254731989e-03
1.946816990532785133e-02
3.460892553064756627e-02
4.983742458112302987e-02
5.304149176961941992e-02
5.144895342074098238e-02
4.175913435597009699e-02
1.951890464811531847e-02
-1.086708933939720990e-02
-4.897652817389963609e-02
-7.795011317211271440e-02
-9.335691961626595148e-02
-9.462344870114854090e-02
-8.364433473718141387e-02
-7.002711050223191236e-02
-6.845619047952741787e-02
-6.498352347182609345e-02
-5.569536029375696945e-02
-6.452282012291261915e-02
-7.886739416830759741e-02
-9.348945011667589289e-02
-1.009266623686958381e-01
-1.053112933855630262e-01
-1.170603456129163389e-01
-1.207991422745142013e-01
-1.187600295719080795e-01
-1.209246652137656447e-01
-1.265070636216477640e-01
-1.209464762478714567e-01
-1.011841902412703303e-01
-6.958077265369333464e-02
-3.313122359025388181e-02
8.760099647519675389e-03
5.067602818441097751e-02
8.651108420986243497e-02
1.199579721519519609e-01
1.447810312327000859e-01
1.551101763803143796e-01
1.533553954717139789e-01
1.383006138623575076e-01
1.086738716074644451e-01
7.278757279104153266e-02
4.662709438484124308e-02
2.195482050132092564e-02
4.917792548159463824e-03
-1.458940947282117394e-02
-2.669234353867823428e-02
-2.480956952551803540e-02
-8.990587093473858399e-03
1.757226547444692977e-02
5.141994211754483124e-02
8.594157971451196754e-02
1.102845595397433931e-01
1.218813725009284948e-01
1.259461083509106349e-01
1.218828616076746835e-01
1.196181930302796792e-01
1.099034358072360079e-01
8.733462155665963622e-02
6.776142582846891860e-02
5.166287674400678320e-02
3.422808210058653211e-02
1.697885643609454639e-02
9.191651542013833456e-03
1.736124152961045219e-02
3.305180164397385212e-02
5.284355444524641704e-02
8.508462506044020546e-02
1.203566147873555564e-01
1.434407475666243936e-01
1.579506037013937991e-01
1.755983581284205619e-01
1.825568663588011398e-01
1.872581515455176149e-01
1.880092745071932636e-01
1.802249251942846242e-01
1.632407868089668923e-01
1.264569595593645623e-01
6.991221277758702390e-02
1.829004996391106128e-02
-2.858624205517753744e-02
-8.324527164810831270e-02
-1.277965424693243979e-01
-1.649155939258459824e-01
-2.031251094931431078e-01
-2.227244697028093467e-01
-2.231864431721827802e-01
-2.128089458525749267e-01
-1.893697925061141041e-01
-1.518245937366418385e-01
-1.056415247051568640e-01
-6.507596196295803437e-02
-2.865770166009123932e-02
-5.926642221957491644e-03
6.697088533527676378e-03
8.902782352157977835e-03
1.032531726733145090e-02
6.258007890513864364e-03
-2.471170893393971960e-02
-6.798038583631738074e-02
-1.030806114797866851e-01
-1.281929076473515006e-01
-1.457422934346159493e-01
-1.530881446080320507e-01
-1.465316076046053739e-01
-1.277070208755246850e-01
-9.359701618045872251e-02
-5.240699214452394783e-02
-1.672233590043657042e-02
1.781688191558691847e-02
5.059995234858413043e-02
6.792132085520276308e-02
7.042609475624198034e-02
6.556929426851572373e-02
5.381383888215384576e-02
5.038830648269482931e-02
5.045658640673286732e-02
5.289237086816675482e-02
6.719091399620190364e-02
8.607356712893211859e-02
1.026164481475512064e-01
1.109512413894592209e-01
1.109340728646209390e-01
1.122223253890948375e-01
1.184883989825021161e-01
1.204558593722626775e-01
1.195388324001597780e-01
1.192522231487775364e-01
1.210462463998654564e-01
1.179989208355815972e-01
9.536826485778154838e-02
5.882437650224592307e-02
1.817935677596126121e-02
-1.826180949244234769e-02
-5.108498945362045102e-02
-7.596898803809311318e-02
-9.621451546218369455e-02
-1.182516310098596507e-01
-1.286985907794510331e-01
-1.286320189484453924e-01
-1.286450705311030784e-01
-1.277141160311976720e-01
-1.204619033937618794e-01
-1.106332733018927372e-01
-1.039439430145126658e-01
-1.009902559862091154e-01
-9.614960792695317893e-02
-9.241869477165862157e-02
-8.696711877115408107e-02
-8.499123178910043819e-02
-8.549315711652874517e-02
-8.671150921844671122e-02
-8.417732107944472797e-02
-6.954352746613597092e-02
-5.138193485771147540e-02
-3.388992347743215172e-02
-1.763725184474047511e-02
-8.399119149562378137e-03
-9.031476212833646627e-03
-1.697763011289181098e-02
-2.580857620372381880e-02
-3.410633448490921898e-02
-4.401583183254732107e-02
-5.014476745408295855e-02
-4.294046901606833611e-02
-3.613547017231592828e-02
-4.039331688892314892e-02
-4.494295845216988994e-02
-5.092497179456634271e-02
-5.015620729767419211e-02
-4.554067714063474159e-02
-4.906108315872827197e-02
-5.265362325949699690e-02
-5.993172883541341561e-02
-6.910958424139646006e-02
-6.682685367511545516e-02
-5.395619748708856828e-02
-4.911468224213926675e-02
-5.422037378331219515e-02
-6.519942643111917291e-02
-7.234779577163759356e-02
-8.245371505854817706e-02
-8.803572805056655848e-02
-9.336778133606160601e-02
-9.379095043551993749e-02
-8.715741785386432738e-02
-7.614801370678962733e-02
-5.112320694028857360e-02
-1.905274416094966325e-02
1.013161951745933896e-02
4.158628410054449054e-02
6.879108182729164189e-02
8.387307029284599147e-02
8.819471209434980030e-02
8.207900324450081997e-02
5.298536996419136308e-02
1.660964555755660432e-02
-1.723286300918691269e-02
-5.291392787818056248e-02
-8.340467614556106024e-02
-9.673894382038220052e-02
-1.007574297667182817e-01
-9.670232931332908843e-02
-8.346032494061091100e-02
-5.304474152610666460e-02
-1.703480305249364252e-02
1.702981892461966421e-02
5.093085814593946437e-02
8.497258291696740962e-02
1.203660749949195252e-01
1.526299377027812987e-01
1.715789962369396737e-01
1.788891088484474701e-01
1.797286146752345715e-01
1.792499982481097209e-01
1.788157922398267985e-01
1.807087972922783725e-01
1.861665487060538415e-01
1.891367035030798172e-01
1.962949272264773726e-01
2.041946385149576437e-01
2.065699389641423023e-01
2.026614717279945077e-01
1.906669796710651066e-01
1.772402297078547739e-01
1.539725864207479866e-01
1.290945179849057045e-01
1.102441784685675857e-01
8.413290190115134404e-02
5.312290211137817714e-02
3.230657379312278088e-02
1.718357357588838272e-02
8.239916119492932817e-03
9.218998549434840456e-03
1.385144320722059112e-02
2.069528145869392946e-02
3.994018170606083995e-02
5.024790999488448068e-02
5.407327631514403932e-02
6.542862623771049380e-02
6.803253961023945917e-02
7.059068484895202056e-02
8.251588964492688472e-02
8.585585096318927578e-02
8.684747342382431734e-02
9.077235587198587141e-02
8.794690721288270230e-02
8.398724098302068342e-02
6.682462877444762805e-02
3.711494327379242369e-02
4.286308802197571349e-03
-4.007227423389837784e-02
-7.929594157095505580e-02
-1.107925201292194184e-01
-1.361067216526632151e-01
-1.667975620694729655e-01
-2.004740615123718483e-01
-2.101084069711218472e-01
-2.110599461819303024e-01
-2.087425457068176615e-01
-2.028781805568208307e-01
-1.815467264178048101e-01
-1.548340784706698781e-01
-1.273244956307856279e-01
-9.512343818980679988e-02
-7.010161839624956537e-02
-4.945310364883710036e-02
-1.948649467775730171e-02
9.492906596217317444e-03
3.250849666790466691e-02
5.138607807824643187e-02
7.833021204880066812e-02
1.064148966735107282e-01
1.247281942215650724e-01
1.488544389396158629e-01
1.653126598599889141e-01
1.769850668871712773e-01
1.811955600092499952e-01
1.770010966833212851e-01
1.640647008121763339e-01
1.519628178804930396e-01
1.381844635361555163e-01
1.168015914171390973e-01
8.744231901221417858e-02
6.680346593974899327e-02
5.112445078239419988e-02
3.330960105954324652e-02
1.727048485315655843e-02
8.130664737251495217e-03
-1.565104622888096242e-03
-1.627603308970379178e-02
-2.688226596497621246e-02
-3.476575474937457222e-02
-4.258983693405184179e-02
-5.260400972649489221e-02
-6.906245839260562180e-02
-8.426540612320694568e-02
-9.764975158195693394e-02
-1.171150045899525538e-01
-1.313248495126241311e-01
-1.441274009656419164e-01
-1.557250898719718668e-01
-1.710378373264752616e-01
-1.886236624317638721e-01
-2.062598543828791375e-01
-2.227597702921452483e-01
-2.312020420033215895e-01
-2.317812169330707994e-01
-2.316852133451994811e-01
-2.311992389788581903e-01
-2.228241522602888713e-01
-2.067821804727300872e-01
-1.865400517158013471e-01
-1.666720391302215221e-01
-1.507081140550654286e-01
-1.226786577717357135e-01
-9.412959082850395898e-02
-6.912222412983609621e-02
-4.178542146976588212e-02
-2.095140781903674296e-02
-1.385410608046081654e-02
-4.220817011555468359e-03
3.524112142001219628e-03
3.573334127523598077e-03
-1.480847459408702119e-02
-2.629868503114861020e-02
-2.791376144860304234e-02
-3.322194522890198343e-02
-3.573390188012866286e-02
-3.383888215384400072e-02
-2.774845308087426493e-02
-1.628551081617064800e-02
7.666873681702557515e-03
3.319636763067349700e-02
5.011791097594304328e-02
7.021111153935097327e-02
9.940838664919447731e-02
1.201820389199946687e-01
1.370887437545111054e-01
1.521799646818917662e-01
1.534438659313399345e-01
1.460211943687238501e-01
1.346011471377616397e-01
1.124088141104251509e-01
8.254879014456598108e-02
5.346735002067230791e-02
4.011195454895832152e-02
3.417700573919259244e-02
3.423349544158146851e-02
4.130704154783011034e-02
5.040334646083123593e-02
6.986998346215567146e-02
9.892941984401169842e-02
1.220241515595327370e-01
1.425348450978606019e-01
1.553845223996692393e-01
1.596854130606925048e-01
1.553860115064154279e-01
1.519112247114636771e-01
1.460047266000013833e-01
1.343782190984071923e-01
1.214925404511467827e-01
1.171100117026271509e-01
1.116990357595845917e-01
1.014587114496541681e-01
8.551728064581683164e-02
6.632553274983707392e-02
5.252359796220121974e-02
5.029486065464636169e-02
4.026616469170234830e-02
1.814712199463220862e-02
9.100754714336771120e-03
4.320092254542651049e-03
-1.507876498742142905e-02
-2.624882623350595010e-02
-2.801734196197697493e-02
-3.395561060384154339e-02
-3.425449184670259495e-02
-2.761053551782373383e-02
-2.555812596791938451e-02
-2.638509701968424007e-02
-2.701583884010847619e-02
-2.498153507634737897e-02
-1.947135834565496409e-02
-1.652869946672459733e-02
-9.912291612650050640e-03
-1.886128007119682222e-04
7.242089339397209287e-03
8.403725745078940296e-03
7.555572587822260468e-03
7.628884816717237949e-03
9.120235734357370894e-03
5.893197760383453443e-03
-8.290687651976482928e-03
-1.675932706390195065e-02
-1.964532981086592606e-02
-3.420757622474650261e-02
-5.151641871579434179e-02
-6.125039417531517177e-02
-6.879663531950976074e-02
-7.800470207353735197e-02
-8.609317954072444323e-02
-8.614099738617969626e-02
-7.774911003973286605e-02
-6.978449121602209315e-02
-6.744012914935215708e-02
-7.197936448427853795e-02
-8.339976209329867662e-02
-8.755506191180283115e-02
-9.553215419437573186e-02
-1.107384743137845712e-01
-1.205021968704231838e-01
-1.302153773922062052e-01
-1.453551256806093761e-01
-1.540503703496072241e-01
-1.563982537157593000e-01
-1.617881193808118900e-01
-1.638404588551046481e-01
-1.637814201523443980e-01
-1.617122625312712447e-01
-1.570136051799892185e-01
-1.527094735219301780e-01
-1.384983146815413901e-01
-1.202605236049697629e-01
-1.045486079479758662e-01
-8.380181215531558314e-02
-5.443523436788294534e-02
-3.427261515174873791e-02
-1.739173318010132918e-02
7.660706151937941161e-03
3.291591627365927919e-02
5.107279629720468811e-02
6.729994288837655436e-02
8.569876772037028634e-02
1.003563344849092293e-01
1.033167662908278106e-01
1.009504880766346896e-01
9.434629965733026813e-02
8.294016243526765308e-02
7.025891186590330073e-02
6.535126276252076205e-02
6.002420236435113826e-02
6.002988724834096290e-02
6.542257345675983604e-02
7.025386642186920438e-02
8.241298360931445521e-02
9.571671583638745318e-02
1.076427089829926492e-01
1.130116395590842621e-01
1.179881467103004178e-01
1.094772008997708518e-01
8.631651051484551251e-02
6.687123781560304348e-02
5.077052514663322330e-02
3.309076368401505513e-02
1.645588214683643691e-02
8.666993686187396406e-03
6.226286413039669454e-03
3.093872413333987547e-06
-1.381443452485231677e-04
6.533571473620035722e-03
8.502739080467825589e-03
7.753308444811952450e-03
7.514195567016810663e-03
7.593752408849148601e-03
8.990928712080334395e-03
5.856476388022675839e-03
-8.162797908943751277e-03
-1.768433389627408273e-02
-1.822057875447608000e-02
-1.932963042122450015e-02
-1.448643336159716362e-02
4.101244367672719077e-03
1.815397188566463330e-02
3.398973742668338904e-02
4.898697819947723381e-02
5.090417685682852023e-02
5.206970070706291864e-02
5.691975641717413048e-02
5.168402205980252712e-02
4.233392955999523699e-02
3.197403873779808281e-02
1.828092261550212649e-02
5.959093361737314958e-03
-8.662763747083104121e-03
-1.701063572594829765e-02
-1.955038611661983478e-02
-2.566067286602244021e-02
-2.576863310512042538e-02
-1.919047777551978473e-02
-1.733009292026096299e-02
-1.745127117159414945e-02
-1.872579763564886576e-02
-2.606210976643798596e-02
-3.508955663160550492e-02
-4.294152890969356318e-02
-5.382510353671611514e-02
-6.726952131349726860e-02
-7.024858447264599459e-02
-6.947052619776739046e-02
-6.825855097650364300e-02
-6.229742016635950869e-02
-4.952875027154299975e-02
-3.015002312495182121e-02
-1.368340189064000054e-02
3.905523184516093097e-03
1.055575215657694570e-02
1.418506443452485256e-02
1.856290687651976357e-02
2.236979951367525435e-02
1.851783949881922672e-02
1.414829225734567583e-02
1.078340154026194257e-02
3.793933904683153245e-03
-1.406682059942678149e-02
-2.152419710868026456e-02
-1.374563779317884010e-02
3.846522147397041843e-03
8.920082268768000228e-03
1.851743656405261187e-02
3.878309320757097195e-02
4.376117706004779145e-02
4.116357049256147427e-02
4.346972383201475054e-02
4.800133844418127266e-02
4.432151916918354584e-02
4.096102569672676469e-02
3.262930702227703761e-02
1.881341842848433671e-02
4.076444608732823077e-03
-1.447636875188328294e-02
-1.932317470550724489e-02
-1.937397952390629632e-02
-1.445606434342655740e-02
4.151317771875853886e-03
1.878697364456248520e-02
3.200312011660581824e-02
4.287308255607800989e-02
4.990998787691919292e-02
5.103672487614135944e-02
4.930196807355136102e-02
5.321141636826134946e-02
6.411858895748513698e-02
7.018820557381413860e-02
8.418585278515518244e-02
1.013255677876428590e-01
1.104253239245145540e-01
1.197132330784917015e-01
1.351598249511222760e-01
1.462350125785722987e-01
1.411902693005753218e-01
1.235490844621346396e-01
1.156656657533478710e-01
1.020692452155876201e-01
8.764654562272691796e-02
8.002032192735962501e-02
7.232439051736824775e-02
8.149882097783509027e-02
9.541898208166611772e-02
1.080006201691625228e-01
1.222780004624990369e-01
1.411794075807796811e-01
1.477946329089087074e-01
1.409781153865020120e-01
1.239568369270442755e-01
1.045183002459653954e-01
7.306247065583763856e-02
4.681853219623974272e-02
1.825997876708969000e-02
-1.032346902307589888e-02
-3.416472498826233356e-02
-5.303517620512533670e-02
-6.828507459548853464e-02
-7.881129864123388729e-02
-8.494534978241523315e-02
-8.811053376593344644e-02
-9.294321072437158882e-02
-9.660159562167579261e-02
-1.021195244668997859e-01
-1.046204354498503908e-01
-1.020507627730320999e-01
-9.600980708184131407e-02
-9.491399970568244193e-02
-9.366052220345753854e-02
-8.748552938620772490e-02
-8.627514838510753903e-02
-8.569733992978424697e-02
-7.777354014982165720e-02
-7.022631794706488129e-02
-6.784710202308291693e-02
-6.188985164993027893e-02
-5.086878867297814355e-02
-3.623082556078008332e-02
-2.541843899567633805e-02
-1.863642495252377379e-02
-1.698050321296679099e-02
-1.952644653581214404e-02
-2.412950323398947716e-02
-2.778988528622383658e-02
-4.490910317232293947e-02
-6.546365528405150014e-02
-7.278129226435323118e-02
-8.487194557928004479e-02
-9.463396004288628094e-02
-9.473504411259750513e-02
-9.639855153710855107e-02
-1.013450137698576753e-01
-9.608864214487432276e-02
-8.623334828279714814e-02
-7.713276875748933947e-02
-6.995407419605755017e-02
-6.860607345325607509e-02
-6.933997533338472075e-02
-6.995171790361799646e-02
-6.714666124748604192e-02
-6.299069571067181239e-02
-6.853098743544284999e-02
-6.736255544732766554e-02
-5.474179764966399103e-02
-5.082750537830318938e-02
-5.090665578158833776e-02
-5.486761841026468328e-02
-6.683937969068624863e-02
-6.924113368324422146e-02
-7.105797530535448714e-02
-8.439673657876849144e-02
-9.550885405352375901e-02
-1.034251207052409582e-01
-1.123706229021113751e-01
-1.190829029522855187e-01
-1.222548755106760143e-01
-1.282562384813213385e-01
-1.281457817985606484e-01
-1.222497074343216333e-01
-1.197508111252041096e-01
-1.105780887577696436e-01
-9.725110894655333849e-02
-9.350810774826037730e-02
-8.551243666916603925e-02
-7.079385156583953287e-02
-5.977712451735422983e-02
-4.346280386537073465e-02
-1.726748912076130071e-02
5.950760495574724737e-03
1.868919188804720258e-02
3.202418659733852896e-02
4.250884704596259722e-02
5.050673426627330653e-02
5.961548635978220628e-02
6.698776479821727525e-02
6.826227374336910070e-02
6.759863142330574393e-02
6.768657631584480694e-02
6.775103711905144932e-02
6.776019074581474122e-02
6.769198965683972946e-02
6.777194592965810060e-02
6.778483984218972025e-02
6.764598501783423978e-02
6.747260919532174772e-02
6.878706123907696313e-02
6.635836317386460681e-02
5.151625228621682651e-02
3.279581543485420719e-02
1.856060314078891021e-02
3.945908635417615801e-03
-1.421716782408218548e-02
-9.991249308003335300e-03
5.893496457677834671e-03
1.876745758673608808e-02
4.148650518909904189e-02
6.630261802484881117e-02
8.723637554921760684e-02
1.088958361071596243e-01
1.191281893162722538e-01
1.198340259139611674e-01
1.193338612362739443e-01
1.086264829751301675e-01
8.738517235096668334e-02
7.445662494831922773e-02
6.876619622572756330e-02
6.768316012978004004e-02
6.681026327407271759e-02
6.914076788855173794e-02
8.434829681226042875e-02
1.013768981731287960e-01
1.116433256483746056e-01
1.181147207837256463e-01
1.199944114699761089e-01
1.181916287674400629e-01
1.115382122309972468e-01
1.011681604451202948e-01
8.534378219098408269e-02
6.769131517907822637e-02
5.081745828749220650e-02
3.325679032676257668e-02
1.677455974997021926e-02
7.548626342823906536e-03
8.844715948508441450e-03
1.491003167417643757e-02
1.828708050987015027e-02
2.292041863170360752e-02
2.789130221509008439e-02
3.031510374694295490e-02
1.911379753754301192e-02
6.196621654765492072e-03
-7.505982705339061048e-03
-2.805175784671660663e-02
-5.974170129569806448e-02
-8.537343293413593437e-02
-9.613716950589687449e-02
-1.022072065758953957e-01
-1.037925796934892897e-01
-1.033628410054448776e-01
-1.020388499190626741e-01
-1.057814131447832179e-01
-1.173776129443669797e-01
-1.228961549511923407e-01
-1.269664092555867763e-01
-1.305670693678478989e-01
-1.361686509744013673e-01
-1.384277135028695871e-01
-1.364315221123592325e-01
-1.304086108911515496e-01
-1.188840634044133621e-01
-9.521900380510571471e-02
-6.962416697616728711e-02
-5.087151286237850956e-02
-3.579456108140683518e-02
-2.539520893043594255e-02
-1.843081434868222915e-02
-1.702427419185300814e-02
-1.828234164663672390e-02
-1.773846730622341550e-02
-7.884249104784062795e-03
6.139667701449864901e-03
9.149483542742619865e-03
7.782844439149842926e-03
7.783645928957345569e-03
8.084274682382290231e-03
8.191489492162043473e-03
7.508248775428687759e-03
8.170386221733249785e-03
1.730642488244816049e-02
3.201399935530437751e-02
4.414594472435758726e-02
5.742199708485456328e-02
6.962712767075675269e-02
8.366041709004015670e-02
9.404847830809442977e-02
1.026293245411799421e-01
1.092655725527844623e-01
1.123124601444959042e-01
1.178349439044729247e-01
1.203764987421427762e-01
1.179576638192609828e-01
1.118221936469450534e-01
1.100571641801503797e-01
1.107455694694575443e-01
1.107286637281626879e-01
1.106865307666972664e-01
1.106439598326594415e-01
1.105874613708191095e-01
1.107088673678899571e-01
1.113283357743004715e-01
1.088145483977211447e-01
1.046691379999018928e-01
1.088911060033776468e-01
1.107430292285375983e-01
1.119392199182918518e-01
1.179027420586813146e-01
1.198471650911333286e-01
1.192717567255068140e-01
1.191182911361358815e-01
1.190394560731028867e-01
1.197009698464643335e-01
1.192606322221677201e-01
1.099369845062822815e-01
9.394441602489086995e-02
8.621863240436430931e-02
8.332507025080061747e-02
6.810236119773235841e-02
5.258536085436185670e-02
4.842336005549988109e-02
4.441913449612131665e-02
4.042794300049754042e-02
3.479904066487739950e-02
3.436691064658767281e-02
3.134376116830060038e-02
1.949092696019004423e-02
1.393231046298956666e-02
1.122138287211901786e-02
4.399730559273456673e-03
-1.530668591410131590e-02
-2.550880149681506240e-02
-2.851153269377658395e-02
-4.186889028261493728e-02
-5.117094595068077956e-02
-5.308146114657715658e-02
-6.025497011275166709e-02
-6.764490760530612878e-02
-7.021328388331009307e-02
-7.746596953112408479e-02
-8.477264843766424418e-02
-8.721466086907773974e-02
-9.446910716663280139e-02
-1.024337259903435882e-01
-1.036586476808476348e-01
-1.029395843114720710e-01
-1.036088939966223615e-01
-1.018651499968465934e-01
-9.631743901669902186e-02
-9.274454636552841025e-02
-8.796451371029340160e-02
-8.358537486948416917e-02
-7.998658052038148947e-02
-8.441671688752162839e-02
-8.622476402037798637e-02
-8.612036887801938212e-02
-9.518326524319740967e-02
-1.105388464152820827e-01
-1.209653090684848914e-01
-1.286310554087860825e-01
-1.370331212378156083e-01
-1.463562433866141543e-01
-1.543140298381954212e-01
-1.536794075807796645e-01
-1.470638318745927098e-01
-1.452419535678997620e-01
-1.453673013181222551e-01
-1.472990231459745114e-01
-1.527750818132765087e-01
-1.557263161951746022e-01
-1.617308325683412540e-01
-1.733370181425758216e-01
-1.865884038877949624e-01
-1.896180353601536195e-01
-1.895702087552469384e-01
-1.864258284689179757e-01
-1.732087797733754542e-01
-1.633428344183373848e-01
-1.518502589293848348e-01
-1.325012438421056260e-01
-1.163840283666075781e-01
-9.752247675241586256e-02
-8.429474152610666460e-02
-6.957150515406124169e-02
-5.113984113858854180e-02
-3.521740958494215534e-02
-2.663999705682431121e-02
-1.513943294815105547e-02
4.457610386607148943e-03
2.050315165063103240e-02
3.932955158616147084e-02
5.264483752969453811e-02
6.731429962930002286e-02
8.546575755239904648e-02
1.019354883919749433e-01
1.109310070566141004e-01
1.108909763634962214e-01
1.019919868538152752e-01
8.563206449759289129e-02
6.679567878741161924e-02
5.298379326293070624e-02
4.887163374280849293e-02
4.344092275565334532e-02
4.209312348023517419e-02
5.110456682760699393e-02
6.761125379284248227e-02
8.575118427783579023e-02
1.014126367350371011e-01
1.118016089360419907e-01
1.184585292530640627e-01
1.197579062808770689e-01
1.196621654765492038e-01
1.184713180521783094e-01
1.119520087174060846e-01
1.014995304934023790e-01
8.446999187122905539e-02
7.061546533709872620e-02
6.441584970182827330e-02
5.402373285775351891e-02
4.908594248193801080e-02
4.365739507929055491e-02
3.211369943168679297e-02
1.860327918824411508e-02
1.557064322403873755e-02
1.693919363993749358e-02
1.679005521958193067e-02
1.665176100011913143e-02
1.681855847459408707e-02
1.683690952537788416e-02
1.556032459023286296e-02
1.922966756129864188e-02
3.074627022557339245e-02
3.628050040994233033e-02
4.103357147362003687e-02
4.282648227437405031e-02
4.235610849106185433e-02
4.231216232314667647e-02
4.240498623014232749e-02
4.245194564935565740e-02
4.222040706922769449e-02
4.217120523044364661e-02
4.358082871418260396e-02
4.052032017546933207e-02
2.642976146261816900e-02
1.673762990266497441e-02
1.679449626146612209e-02
1.511314583435527034e-02
1.132296623056277748e-02
1.299702003461735214e-02
1.139651058492112921e-02
1.452034995760425641e-02
1.801297975515581129e-02
2.405583624731084946e-02
3.560653069662166048e-02
4.903638150564459258e-02
5.201528699466725220e-02
5.065902608915019700e-02
5.118793928649012503e-02
5.020553176877851076e-02
4.361596287394098326e-02
3.241776626980512332e-02
1.724241081126535666e-02
9.535819148861621880e-03
5.369042697070138676e-03
-6.335981899469527584e-03
-1.081980582048029833e-02
-6.998907696404420634e-03
-2.701668850689894347e-03
-7.270261487144629407e-03
-9.566722493570562619e-03
-8.150271017427804590e-03
-1.128448596035121904e-02
-1.437598543828791375e-02
-2.184546750944269325e-03
7.802654814544894221e-03
9.426939167361583424e-03
1.571641801503822697e-02
2.566964254430530515e-02
3.442741217773977874e-02
3.182158048534368400e-02
1.938569091049242160e-02
1.405250765576056618e-02
1.138298599188524406e-02
3.952736627821419949e-03
-1.389178924059059766e-02
-1.871470817011555710e-02
-1.848295060370139589e-02
-2.455630750579875649e-02
-2.734939875125260225e-02
-2.483184481055058374e-02
-1.861166198327996249e-02
-1.700126311289881786e-02
-1.766073593407286452e-02
-1.700147333973357419e-02
-1.870583484579861622e-02
-2.471402142912202532e-02
-2.709221249728457209e-02
-2.533838636889203591e-02
-1.864234634170269800e-02
-6.937531971997786331e-03
5.794325452162883867e-03
9.306260204760937599e-03
1.709914122338002801e-02
3.303934570401463600e-02
4.241504208040475926e-02
4.285742065688878666e-02
4.149437117649944218e-02
4.357495112226092426e-02
4.972201880829414666e-02
5.143386964534733125e-02
5.083168363664394146e-02
5.137426157824292322e-02
4.944898670665648366e-02
4.416062556498462355e-02
4.169079311577191665e-02
3.233134552181804455e-02
1.899158567093894162e-02
1.599100053958221052e-02
6.328106276672529514e-03
-1.507493710713860360e-02
-2.736179337505167952e-02
-3.448309601059543206e-02
-4.352898152106122326e-02
-5.096678941577963140e-02
-5.222575909406249745e-02
-5.272217472652992315e-02
-4.916709004015332868e-02
-3.830936455435415139e-02
-3.092356152288319032e-02
-2.072451174817628236e-02
-1.535600162575418912e-02
-1.034686551789380619e-02
-7.973934500325852159e-03
-1.037745352235061765e-02
-1.591944458070257765e-02
-1.894982936588579178e-02
-2.542228439486205610e-02
-3.458636118371723189e-02
-4.438146885489443333e-02
-4.968473858293098039e-02
-4.548455533520668476e-02
-4.190823773851986428e-02
-3.507231803115561791e-02
-2.549525938487628290e-02
-2.000515931690293944e-02
-1.336170227675662070e-02
3.660787614836408764e-03
1.108237037763747102e-02
1.519697378471370625e-02
1.698018787271465824e-02
1.708163983938669819e-02
1.517588102562665228e-02
1.037550016467768919e-02
5.593305676825294399e-03
-7.275331457642796387e-03
-1.882239686621865055e-02
-2.475765225678507042e-02
-2.777745562461896717e-02
-3.399819905678227311e-02
-3.399561501860507567e-02
-2.739641072717462211e-02
-2.610584570751841096e-02
-2.447542273112688835e-02
-2.037799660834040127e-02
-2.377930036509393399e-02
-2.702311794426185895e-02
-3.611390440285067865e-02
-4.865467964934164224e-02
-5.554489919623273320e-02
-6.649659607716726373e-02
-6.948076599651023533e-02
-6.953887619741702664e-02
-7.737540556260205649e-02
-8.553801426739453262e-02
-8.670442282222519392e-02
-8.578223653321934150e-02
-8.600892237724505618e-02
-8.726192686909174656e-02
-8.331364792611228864e-02
-7.247652467011905797e-02
-6.705628122744440589e-02
-5.117188321198572892e-02
-2.813661065289447399e-02
-1.714600428862743040e-02
-7.585603491166968866e-03
5.823504060881691362e-03
9.149282075359312441e-03
7.888132169611010089e-03
7.756241985101925904e-03
7.770643399227766118e-03
8.505609552707371970e-03
7.971515139835882655e-03
-1.906402633441483477e-03
-1.599914682942895489e-02
-1.829064560660953118e-02
-1.820820164957989706e-02
-2.626724735990133494e-02
-3.370940870198944894e-02
-3.604959251031863987e-02
-4.326156422780180061e-02
-5.122040181355683175e-02
-5.245000105113417632e-02
-5.230380580646517424e-02
-5.115772793844558519e-02
-4.406904550009459881e-02
-3.470698758960918950e-02
-2.557236007652257184e-02
-1.969914788056312954e-02
-1.535375920618347288e-02
-1.917069017469849980e-03
7.205255846057896305e-03
9.623054525833375783e-03
1.504670539512133545e-02
1.711850837053180419e-02
1.591993510998367459e-02
1.706163325227921107e-02
2.450649250541334090e-02
3.377510458785028952e-02
4.173585173402101500e-02
5.133829527059697445e-02
6.648476205826087115e-02
8.671515315024912185e-02
1.086235923561522931e-01
1.200807796612545081e-01
1.273055752156576903e-01
1.365933967751203626e-01
1.439588691197802306e-01
1.450284857361092694e-01
1.450776262587331611e-01
1.445996229932096644e-01
1.348568355255320705e-01
1.213212931753361867e-01
1.169646924031029489e-01
1.117237374126682642e-01
1.013225019796360205e-01
8.469438273897536562e-02
6.826660967183591222e-02
5.858946553331044471e-02
5.076141531712718286e-02
4.209138034939699513e-02
3.286542679551236051e-02
2.620764805224837582e-02
2.312439997757580537e-02
1.767594234178678989e-02
1.612877795140956957e-02
1.490330441546428540e-02
1.082435197578186965e-02
3.894980308753144722e-03
-1.514100088996026688e-02
-2.711680903695087158e-02
-3.536677575103536891e-02
-5.240353216120193641e-02
-6.903475224767524621e-02
-6.773801181474811695e-02
-5.543320743081785185e-02
-4.891886470501671108e-02
-3.708272601136626545e-02
-2.547632145084546482e-02
-1.863485701071456238e-02
-1.754029347666131999e-02
-1.809403095940520165e-02
-1.800872266175202949e-02
-1.799381407538734601e-02
-1.792634002088253423e-02
-1.788517059907640191e-02
-1.845003258515938785e-02
-1.734492267156261674e-02
-1.009553057749311422e-02
-2.264787705934703636e-04
7.122415961822807159e-03
7.544583855980603777e-03
8.155811370468736207e-03
1.615531032984590318e-02
2.407025430439443947e-02
2.524126157123536204e-02
2.519355759864894129e-02
2.341966356698878260e-02
1.745430194179519931e-02
1.555991289601479921e-02
1.611791623161391157e-02
1.623357602853478868e-02
1.668562503941753081e-02
1.467075849841979578e-02
9.363196639173669567e-03
6.887670546519694334e-03
-2.292448301717553167e-03
-1.563251998906820331e-02
-1.987145504999894910e-02
-2.649529967835294320e-02
-3.453463662291612890e-02
-3.583728092611928456e-02
-3.447250583379465882e-02
-3.690364778596105788e-02
-4.133144537956455478e-02
-3.773608473542952590e-02
-3.332080439794538052e-02
-2.780437341891901434e-02
-2.657774363538258078e-02
-2.607269994323875573e-02
-1.946110978746067033e-02
-7.691762787047224693e-03
5.664472716060630318e-03
7.937001149240030876e-03
8.528425295894270092e-03
1.465966903288648537e-02
1.667963357462702231e-02
1.598125127012045912e-02
1.590050664667175956e-02
1.601839134426045683e-02
1.603751322677168800e-02
1.594879750250520478e-02
1.592672368485596041e-02
1.614119009411154812e-02
1.614833780649320774e-02
1.477647631794706470e-02
1.788931381961135839e-02
3.190329740790313201e-02
4.097835189169114073e-02
4.330707833752619335e-02
4.880874088141104461e-02
5.078969958585313749e-02
4.944824215328339628e-02
5.121500599146479316e-02
5.809827053390608648e-02
5.811901291493521554e-02
5.117782212006755788e-02
4.934806906652277475e-02
5.087827515889644520e-02
4.904095393930051061e-02
4.211526737349600286e-02
4.215682221116585221e-02
4.893855595187206892e-02
5.070094882378085865e-02
4.994032185728401046e-02
5.057116003167418106e-02
4.885930919462099647e-02
4.281216057125638436e-02
4.080845357140354401e-02
4.134565320981339193e-02
4.208474944465077916e-02
4.137905299818504107e-02
3.161070545118182390e-02
1.827407272446970529e-02
1.338681562405836037e-02
8.672004092415717957e-03
6.791716011576491227e-03
7.171531957982662901e-03
7.169366621584689903e-03
7.698799254395492613e-03
6.437086991864221681e-03
-7.600903625011387480e-04
-9.965093585979271570e-03
-1.915085001716852753e-02
-2.581124783641549139e-02
-2.821281788049305461e-02
-3.488124811671794445e-02
-4.467938655809618881e-02
-5.214811531642642856e-02
-5.336498707104966877e-02
-5.204001492610527135e-02
-5.327374862476612349e-02
-6.140014575727209545e-02
-6.941144369774986111e-02
-6.984170795288116573e-02
-7.032687644968922680e-02
-7.847765113557529648e-02
-8.649587780214852695e-02
-8.687635333524873493e-02
-8.803345059319005184e-02
-9.489262664414903348e-02
-9.500387167754006934e-02
-8.822493220184579599e-02
-8.631013363419130779e-02
-8.710183037497461200e-02
-8.724212174936757380e-02
-8.708443410439864474e-02
-8.643085639404918252e-02
-8.831059963700833848e-02
-9.441374743348072973e-02
-9.623001969124686528e-02
-9.558173268957205482e-02
-9.564322403873780354e-02
-9.569245215587619813e-02
-9.514025633658718117e-02
-9.702765534011198456e-02
-1.024381057160676373e-01
-1.054753579111861739e-01
-1.127759227206155540e-01
-1.206023174004751120e-01
-1.218219834201103025e-01
-1.217629447173500246e-01
-1.206148434160459054e-01
-1.132932559231410730e-01
-1.040656117951269388e-01
-9.624175735618734073e-02
-8.650990168391693713e-02
-7.006778063530549883e-02
-5.421588018471931725e-02
-4.253264647554711592e-02
-2.871154600814278951e-02
-1.894697378471370611e-02
-8.555297541046788870e-03
4.846327687574893822e-03
8.013914388625326818e-03
6.745901452667428175e-03
6.220159176751715105e-03
8.217929020413025989e-03
1.303557038044049661e-02
1.849863002179351346e-02
2.933627008542217043e-02
3.487894438098708416e-02
3.968729634275382917e-02
4.145853626062521308e-02
4.092592657477418794e-02
4.141021036698597918e-02
3.971713979383754978e-02
3.494919518160094496e-02
2.877589293848062044e-02
1.920759374364939751e-02
2.096964499695171472e-02
2.520701211607324563e-02
3.206166829008500613e-02
4.153468217206365831e-02
4.755818903596981118e-02
5.260767117720019370e-02
6.405578369060216382e-02
6.670659516618430984e-02
6.912437019544087624e-02
7.989646328388332053e-02
8.684622082226722828e-02
9.950123683454446810e-02
1.085952993279748896e-01
1.112028128350490280e-01
1.159395738001303411e-01
1.190508433599854199e-01
1.263007785400447058e-01
1.340928361702276861e-01
1.365884038877949180e-01
1.327922328192119306e-01
1.200388218888180369e-01
1.073818525188678513e-01
9.395895671429471685e-02
8.122415085877661423e-02
6.974985634499625275e-02
6.294731014764931576e-02
5.188368499611080431e-02
4.826605782639467601e-02
5.009806205896161907e-02
4.761557220240639210e-02
4.324636657953932761e-02
4.745321576981562789e-02
4.992217227388352774e-02
4.929671240268249099e-02
4.982231452737503202e-02
4.801439878629040758e-02
4.197628115736880272e-02
4.056833948830788211e-02
3.946632166107229972e-02
3.459200227044981896e-02
2.905460116465666612e-02
1.819782169961388363e-02
1.252229280393544683e-02
7.616300112821734920e-03
7.199007729339958542e-03
4.570660742941634255e-03
-9.448137039866015552e-03
-1.861804762338563346e-02
-2.086737840129499963e-02
-2.629937702781301109e-02
-2.894715773319411420e-02
-2.648939580807691332e-02
-2.040639474993518124e-02
-1.927381519659712716e-02
-1.746689803297758400e-02
-1.369097005669117108e-02
-1.606181194508875254e-02
-1.382754742367014143e-02
-7.700526618221060354e-03
3.957054161440194326e-03
7.573234269777089425e-03
6.203341905916484426e-03
6.014069430915958657e-03
6.780563477992754620e-03
6.399911879918431835e-03
-2.911042514873548714e-03
-1.892399774356530451e-02
-2.736349270863261754e-02
-2.826190584640827369e-02
-3.745442457411547049e-02
-5.185695115029116675e-02
-5.491766991583919150e-02
-5.215196947506359898e-02
-5.588368849989138604e-02
-6.830650021373060876e-02
-7.201352634492616533e-02
-7.050704084707398733e-02
-7.042587576995579246e-02
-7.131349726354736795e-02
-7.016015781027730436e-02
-6.216333048359179436e-02
-5.430080306650876543e-02
-5.299971794566336880e-02
-5.368022220976433750e-02
-5.428691057651206103e-02
-5.293174460242602158e-02
-4.502695283210584459e-02
-3.782994225769605728e-02
-3.480378828756227477e-02
-2.928896028815091562e-02
-2.739701512932454092e-02
-2.876358590919602179e-02
-2.692214774741946703e-02
-2.007752990476724397e-02
-2.012635508713902371e-02
-2.701250148910674595e-02
-2.828187739570996867e-02
-2.869953680020742581e-02
-3.584246652137656336e-02
-4.573147551207753375e-02
-5.354421420712949381e-02
-5.352444412521110972e-02
-4.568024148055752076e-02
-3.634947233064476924e-02
-2.742122625312712336e-02
-2.217860696691730318e-02
-1.527463508125267121e-02
2.352249952698962088e-03
7.231281928200528585e-03
7.247739185581242652e-03
1.329441217073222027e-02
1.470852925306405552e-02
1.535065836037084047e-02
2.309302362248866550e-02
3.050493857872644751e-02
3.359750670973981473e-02
3.897752675136471889e-02
4.021038450488077093e-02
4.138275824614760096e-02
4.747112008857557602e-02
5.005872336250814791e-02
4.744308984394161183e-02
4.134174649446752808e-02
4.027094735219301225e-02
3.899784867872434224e-02
3.292987007981611897e-02
3.162872364281059390e-02
3.045616595306335772e-02
2.452210184789388112e-02
2.250635060229988146e-02
2.249039964121287219e-02
2.451688997428224867e-02
3.044789703089633565e-02
3.157234781329053969e-02
3.279260071617275119e-02
3.930464846569448750e-02
3.948670490459205845e-02
3.405422450824439895e-02
2.836575790277709799e-02
1.697530885825805982e-02
1.398652270800193435e-02
1.334959671485532948e-02
7.306152463508125763e-03
5.294205447678044553e-03
5.937595040048211648e-03
6.027407447635999699e-03
5.893742598263525950e-03
5.892489120761301019e-03
5.913955908425190360e-03
5.917209168693019286e-03
5.876787804040559463e-03
5.876727363825567756e-03
5.976434447769143898e-03
5.943592636454734547e-03
5.270442807789604486e-03
7.096064028086305001e-03
1.322232188531425462e-02
1.505629699445701873e-02
1.428228558614745396e-02
1.427697735856989746e-02
1.504789668051827872e-02
1.320409346685073176e-02
7.060018885377322174e-03
5.234057798364435618e-03
5.959944780418070451e-03
5.879548783137004964e-03
5.596466962852918517e-03
6.305876540787509581e-03
5.848960778680196114e-03
-3.915473921361148878e-03
-1.806418750832148104e-02
-2.115333069381863246e-02
-1.909268725955306015e-02
-2.030249013685767046e-02
-2.848293308479849656e-02
-3.639629159863493058e-02
-3.742036782688520913e-02
-3.677584738933309394e-02
-3.752406221312797052e-02
-3.578804404952944801e-02
-2.966377721561564915e-02
-2.780273540149821518e-02
-2.849305901067251609e-02
-2.852821068933379320e-02
-2.840630540353041023e-02
-2.838783172042633890e-02
-2.856471132351807649e-02
-2.850519961037960293e-02
-2.778169519911985116e-02
-2.962345746059998758e-02
-3.631938361492049322e-02
-3.638231151412373715e-02
-3.022577486107510050e-02
-2.630413340994933527e-02
-2.167914304534592634e-02
-1.936534270477845501e-02
-1.063073306097279090e-02
5.164372858314121573e-03
1.307624927296553025e-02
1.727734350364042853e-02
2.816592853689130899e-02
3.366768743474209125e-02
3.847680146878481450e-02
4.158549574991415865e-02
3.798266329369389543e-02
2.397114987071049738e-02
1.488598697995136867e-02
1.257185378022886678e-02
7.157324127733824884e-03
5.159910793746452437e-03
5.708622103249406422e-03
5.803571053166366699e-03
5.701265039978136752e-03
5.689949580597464772e-03
5.715855658255258182e-03
5.706218509772043902e-03
5.706226393278347395e-03
5.698343762920191242e-03
5.705491475301850864e-03
5.694157621073138269e-03
5.711112415296104756e-03
5.672604990785056790e-03
5.700384715107601787e-03
5.733308865265621633e-03
5.725738071379018329e-03
5.233724063264262247e-03
6.993115947106927875e-03
1.265787159344933244e-02
1.826226498391764902e-02
2.908693229995164622e-02
3.390306265460431984e-02
4.057223744420229011e-02
4.840501776416753638e-02
4.971860262222938670e-02
4.897058050636637211e-02
4.877603308970378942e-02
4.885165343405534905e-02
4.942862974149106470e-02
4.735324415043831725e-02
4.095898474453935761e-02
3.975758218117348558e-02
3.976743656405262034e-02
2.982711470676860377e-02
1.565203604689460043e-02
1.326501545167235556e-02
1.273248460088435494e-02
6.314442408358618593e-03
4.170718204943133986e-03
6.114485154481685489e-03
3.010125049928873316e-03
-1.100970196842392980e-02
-2.003841895405142348e-02
-2.230605698548733876e-02
-2.762448056452912817e-02
-2.954156534901158579e-02
-2.890256336587177649e-02
-2.880905622166317348e-02
-2.930209946532308721e-02
-2.739589391953918193e-02
-2.269837529694540210e-02
-1.793688640042605947e-02
-4.924045920548271449e-03
4.565161559322509187e-03
4.969518860850858505e-03
4.032272446970281039e-03
4.790861089115154917e-03
4.348085709480529679e-03
-5.182792232819212128e-03
-1.865914696958017802e-02
-2.147693986811769623e-02
-2.008379291255264418e-02
-2.005373923463417071e-02
-2.016082352858734883e-02
-2.004979748148251820e-02
-1.989937142176408102e-02
-1.980201011891831106e-02
-1.973998444321422782e-02
-1.965513163703636393e-02
-1.933832855651247684e-02
-1.918140298381954337e-02
-2.032356537704183008e-02
-1.738712570863962248e-02
-4.242400299923617529e-03
4.822214669628528856e-03
5.247708527501173184e-03
4.493396249553268003e-03
4.605917535020286925e-03
4.740836737840129281e-03
4.604196302810732722e-03
3.929647589749340163e-03
5.555423677147642084e-03
1.099526639243744025e-02
1.252690903484860070e-02
1.178465063803844394e-02
1.162089269321598013e-02
1.156812575769255134e-02
1.142624892258747166e-02
1.125044673202385548e-02
1.110646762857122986e-02
1.094613462926497839e-02
1.081614436977498643e-02
1.065427846646531743e-02
1.038265663651079598e-02
1.029189996005690222e-02
1.071271276707567478e-02
8.794156394749935018e-03
3.374833570422485982e-03
2.836055478861691705e-03
6.819895166885068995e-04
-1.083206029305620877e-02
-2.003621157228649766e-02
-2.581763347652116583e-02
-3.462516555363237547e-02
-4.554054574886302192e-02
-4.757568166051169556e-02
-4.583430271262693007e-02
-4.521613070503072845e-02
-4.528874655753558492e-02
-4.372699768049725239e-02
-3.710572833086901029e-02
-2.877501699333580992e-02
-2.295564038597647238e-02
-2.007384217570758883e-02
-1.594472435758183260e-02
-1.375595642698471816e-02
-6.269155168426731976e-03
4.838387244837179593e-03
7.215039277380293561e-03
6.146580660532714908e-03
6.134214942923414508e-03
6.087647947134958853e-03
5.999219532875973461e-03
6.957855651247696165e-03
4.596716607219189683e-03
-6.034343181292614773e-03
-1.283273652270800272e-02
-1.376468960007848526e-02
-1.784202154124300138e-02
-2.612814727090530600e-02
-3.542700573919258661e-02
-3.687584528706474435e-02
-3.554927892195679229e-02
-3.360306020195791277e-02
-2.961552139758799954e-02
-2.495599251592468468e-02
-1.622591150851769234e-02
-1.370984667456185378e-02
-1.288002004162491256e-02
-8.301675507872995075e-03
-6.593577219820186130e-03
-6.745426690398939953e-03
-6.499269461749227622e-03
-6.109552707371253451e-03
-5.800845111875714208e-03
-5.515110929693138597e-03
-5.200886631675578214e-03
-4.893794279027070468e-03
-4.583001058141735092e-03
-4.279897759682698213e-03
-3.966633497543849661e-03
-3.663919994674253409e-03
-3.349427657442380791e-03
-3.050944093677077692e-03
-2.734740159632243449e-03
-2.429996215916974209e-03
-2.119411469976104339e-03
-1.860007322901410798e-03
-1.474032606182070588e-03
-1.093118224564304779e-03
-1.200354057027532700e-03
-5.735565299958655765e-04
5.440504053874130504e-03
1.346938221340826698e-02
1.625975802891319738e-02
1.811256595866940489e-02
2.078693159919553154e-02
2.784387854495000078e-02
3.349603722416487350e-02
3.723379151104041357e-02
4.152961920912665028e-02
4.472059101770810979e-02
4.448054701022403912e-02
4.316359852280611531e-02
4.226508027161306885e-02
4.133308339698534700e-02
4.041634548678023353e-02
3.943307078337526111e-02
3.838834852806178449e-02
3.744398330798932167e-02
3.718029754104679174e-02
3.436479961878867451e-02
2.741100397328717977e-02
2.488388471160382295e-02
2.514721134103697908e-02
2.349481966041358505e-02
1.985677420937191281e-02
1.865399641212868442e-02
1.749672396515840680e-02
1.418311107685192411e-02
1.310011001871018953e-02
1.177501524144551961e-02
9.482509127348409672e-03
1.090717258922377364e-02
1.151081266686754950e-02
1.047071540191867045e-02
1.068653952614871498e-02
1.271246049487397001e-02
1.291991058351961777e-02
1.199287155841152752e-02
1.111664611115393414e-02
1.126849120200696525e-02
1.296090481629678590e-02
1.288354134110705415e-02
1.194186527262916693e-02
1.139958515237941665e-02
1.001583708821818762e-02
7.435090712879196748e-03
5.973803984499274390e-03
2.352301633462505759e-03
-2.478209112632530353e-03
-4.362078933168888652e-03
-6.073532967071470189e-03
-6.519654457159275440e-03
-6.590512287758491274e-03
-9.582226722633721203e-03
-1.366406978129401650e-02
-1.425316041008247922e-02
-1.350741575159597301e-02
-1.339455897913848989e-02
-1.282955684183233712e-02
-1.061741869477165860e-02
-7.866907142807088443e-03
-5.948655599391743445e-03
-5.702377490312046833e-03
-6.063065422590975528e-03
-5.637285130655977916e-03
-4.271570149190976988e-03
-3.972715184684273877e-03
-4.282124412240807462e-03
-4.431910156058386542e-03
-4.534078645858881547e-03
-4.536088939966223532e-03
-5.051147312950673811e-03
-6.209950036088940535e-03
-6.811573688009361742e-03
-8.005384434805154492e-03
-9.659852981366895755e-03
-1.074402780600267754e-02
-1.067930421925257500e-02
-1.027234886442471469e-02
-1.001494362417047930e-02
-9.874004050370350713e-03
-9.430004975368421957e-03
-7.946499898390363067e-03
-6.924161545307386777e-03
-7.405235874508595342e-03
-7.827800571816990668e-03
-8.229832238985865245e-03
-8.449068169554950491e-03
-8.839758098988808113e-03
-8.682876323553113951e-03
-8.504059129801056632e-03
-8.830823458511733587e-03
-8.676748211320015058e-03
-8.315469016068338312e-03
-7.779832063796837151e-03
-6.903590849526639386e-03
-6.463798939055240451e-03
-6.266979320687021855e-03
-5.961768498209568320e-03
-5.793146429997967674e-03
-6.080860248207816711e-03
-6.493294639916469789e-03
-6.642172028618880709e-03
-6.330507242314457536e-03
-5.912712942264704286e-03
-5.594608207255628504e-03
-5.144403936847859356e-03
-4.473940631941866058e-03
-4.048679775477740522e-03
-3.905073824656804873e-03
-3.921551228775849510e-03
-3.708996131826240890e-03
-3.387730110789541858e-03
-3.111620813858153017e-03
-2.848715514039648882e-03
-2.592977197395990394e-03
-2.345853801251550526e-03
-2.108748589728316660e-03
-1.883282937289335350e-03
-1.673537872364281188e-03
-1.462045296875328498e-03
-1.230511096473094592e-03
-1.150508398562048555e-03
-1.216909420264465332e-03
-9.166704624289608635e-04
-5.380203990105323535e-04
-3.723499155588880444e-04
-2.261603645333314615e-04
2.720117131384764211e-05
2.812433866141566814e-04
4.938467481412444184e-04
6.380265306265460457e-04
7.010366810788840877e-04
8.378174425204797104e-04
1.002211761490648346e-03
1.024633329362382040e-03
1.001518888881102690e-03
9.688531425408016332e-04
9.284825827067406121e-04
9.537246939447665368e-04
9.612464349032606671e-04
9.452551803395863516e-04
9.337242384532911093e-04
9.243332305557696270e-04
9.140820445260436399e-04
9.014693103859064416e-04
8.986986958928683614e-04
9.074572713958361115e-04
8.972043334758203871e-04
8.849043117523807973e-04
8.825848090089206781e-04
8.734529932797488547e-04
8.661320189484453865e-04
8.472705549287682042e-04
8.212243260478056806e-04
8.025053783031891371e-04
7.849632628606266699e-04
7.731754938578726428e-04
7.643866106528944982e-04
7.552647806983736351e-04
7.462814376712472320e-04
7.375165553632369699e-04
7.289694330182267369e-04
7.204512168629952171e-04
7.118687063341345685e-04
7.037334533962145674e-04
6.964582034014702057e-04
6.883242643812673449e-04
6.791360377847697766e-04
6.702056018443900776e-04
6.610388359039403271e-04
6.515459555860773997e-04
6.422604990785057023e-04
6.327536036383257442e-04
6.230730082759297758e-04
6.133692003671962524e-04
6.037053355570661363e-04
5.940303462435967850e-04
5.842668864705017739e-04
5.743679179835042056e-04
5.642956875468630069e-04
5.540028065282439837e-04
5.434676390825701276e-04
5.326821265145091893e-04
