-5.601222245426051329e-04
-5.658676530749859714e-04
-5.667259942978719210e-04
-5.658263823330553655e-04
-5.672970189895028140e-04
-5.728101586465361066e-04
-5.972690496047254822e-04
-6.300948505390229892e-04
-6.446065905992015305e-04
-6.457193219690698970e-04
-6.093176254935010229e-04
-5.424407561882433606e-04
-5.191773636069635552e-04
-5.706054440393547268e-04
-6.335827920401142059e-04
-6.676498725568509682e-04
-7.550482236215684453e-04
-8.231451733303504596e-04
-8.358001810500087937e-04
-8.512537059096544640e-04
-9.122487051586623081e-04
-1.101468291215375794e-03
-1.251636283432119986e-03
-1.275318698081744865e-03
-1.047546375459108793e-03
-7.067648384103863892e-04
-6.203648784633030615e-04
-4.440012412795824341e-04
-2.679675445081272037e-04
-2.553551606694791018e-04
-2.975818953599507818e-04
-5.589580738877084759e-04
-8.261597416767287429e-04
-7.157600559658324098e-04
-2.682359170922664631e-04
-6.477663958734671229e-05
1.865544433253483179e-04
5.495621016414930409e-04
1.326083740365085952e-04
-9.074743794391419097e-04
-1.959693144140434162e-03
-2.694605079593895801e-03
-2.821608458382177890e-03
-2.224182895690567617e-03
-9.574958717981909770e-04
6.901428779554248660e-04
1.673331703552486142e-03
2.651347478447877316e-03
3.581400562093974005e-03
3.138619626741095264e-03
1.613575954177298060e-03
2.815050244309260687e-04
-7.771316789253549786e-04
-3.451343599449181645e-03
-7.265274346693175421e-03
-1.091125572659734644e-02
-1.344736762578668116e-02
-1.427472647421119956e-02
-1.352324715491232468e-02
-1.053034256519987978e-02
-7.266656803786263052e-03
-5.338047970584560049e-03
-3.866222806978769719e-03
-2.547268530901411910e-03
-2.826655667149436139e-04
2.182646712977099560e-03
5.484680886955604039e-03
1.046549111957374191e-02
1.644973516812978445e-02
1.999413414208952786e-02
2.001347501000195345e-02
1.765006425155396866e-02
1.270141362439655523e-02
3.836620634378663103e-03
-5.583435232223473398e-03
-1.003629795581279134e-02
-1.018421860954134457e-02
-9.922108804109213906e-03
-9.101901295720879123e-03
-7.841995753849567014e-03
-8.513693993009682423e-03
-1.221855045427134093e-02
-1.532915784683096944e-02
-1.705934011015454096e-02
-1.745166699968922833e-02
-1.566366735872213103e-02
-1.131800482348977246e-02
-3.294117859315934000e-03
5.104861512980888270e-03
1.231652448933658744e-02
1.958213486556788577e-02
2.408368804370819918e-02
2.590681743041594806e-02
2.617706185694883975e-02
2.217380665536945739e-02
1.127630333228540199e-02
-6.790464609323939790e-03
-2.420747771718220406e-02
-2.696722742253616911e-02
-1.774103353664999855e-02
-6.887834242266922466e-03
1.303698309523347544e-03
-4.029551204361437309e-04
-1.038564914817639677e-02
-1.956751419781179238e-02
-2.380963227543416577e-02
-2.275526630453657967e-02
-1.985926451478462265e-02
-1.586111064753568597e-02
-1.239953280618041713e-02
-1.314297222411411198e-02
-1.649215607827819383e-02
-1.784352029054602287e-02
-1.747966795771169549e-02
-1.520181167280916686e-02
-1.054946918609135295e-02
2.908044727561232869e-03
2.130904478755039563e-02
4.077391436524020057e-02
5.858347988581309729e-02
6.433901185665566458e-02
6.160463350904596402e-02
6.099939695101681825e-02
5.923891790369888860e-02
5.169187489597742990e-02
3.994076408155459307e-02
2.157603942506022485e-02
-9.625931467113984326e-04
-2.199611243142404055e-02
-3.595078542957880902e-02
-4.171698464683295388e-02
-4.373970204779557142e-02
-4.406368864811031211e-02
-4.525785643825828986e-02
-4.864740217593784694e-02
-5.035943884420272104e-02
-5.385493537182231560e-02
-5.649085029906628780e-02
-5.331086070019534773e-02
-4.013444338849479764e-02
-7.711708757561228436e-03
3.390619228016113207e-02
5.870248846787218949e-02
5.864180018014791829e-02
4.659500592449394157e-02
3.333336340309066281e-02
2.086887992108493045e-02
9.202561311859317611e-03
-7.142075543950634001e-03
-2.203169998921999245e-02
-3.083961828848654288e-02
-3.106838900222681429e-02
-2.678703440175691369e-02
-2.078596406874487837e-02
-1.032446921991982992e-02
-6.883880820922415973e-04
1.774939142569890906e-03
8.751336788649147908e-03
2.318200126563608673e-02
3.555293998783077419e-02
4.314745562493149666e-02
4.517154871729180815e-02
3.616455885185246993e-02
1.839507556605190358e-02
3.641921962665088490e-03
-9.514024609991489009e-03
-2.206801598688717947e-02
-2.921817428160718502e-02
-3.056337494536701116e-02
-2.400182312938670473e-02
-1.402847094832948213e-02
-1.804426298348223113e-03
1.045146808824451434e-02
1.758203743955414830e-02
2.196954805605784433e-02
2.247077332349450840e-02
1.410150437492416718e-02
1.598389899809072060e-03
-9.226586296219283639e-03
-1.601134065862691580e-02
-1.902623826884798641e-02
-1.956515522534952797e-02
-2.335229381881557750e-02
-3.143123324644676864e-02
-3.489950912624652235e-02
-3.365831975307918139e-02
-2.895248542330926267e-02
-2.437515420147428821e-02
-2.594526913259725259e-02
-2.603617752643469854e-02
-2.000880216971340914e-02
-4.927334176188630753e-03
1.574412049793713977e-02
3.666648324114697710e-02
4.920027225158283418e-02
5.199775198494226841e-02
4.658009884229930703e-02
3.719138844247828202e-02
3.042848953143950999e-02
2.519696066920846383e-02
1.937098653310883115e-02
1.229147788497145059e-02
4.407295765080622104e-04
-1.604223282381632767e-02
-2.649577121485277575e-02
-2.873002935860756446e-02
-2.342159709201390577e-02
-7.544880240425750825e-03
-2.599384682555827119e-03
-5.962011973476669634e-03
-6.702406828481051286e-03
-5.885600209646348405e-03
-5.889204070061933131e-03
-7.006639853464057509e-03
-1.025830071892279254e-02
-1.468912306213569427e-02
-2.075247162129065237e-02
-2.656275159929763138e-02
-2.010425260039502490e-02
-1.034888210414930919e-02
-1.745175269849760791e-02
-3.222435316569143005e-02
-4.586897915128410746e-02
-5.389769456674065040e-02
-5.103921081320501180e-02
-4.234425481954311177e-02
-3.154067964567602161e-02
-2.030847737122964611e-02
-1.204248901814875157e-02
-7.500758885500528536e-03
-6.547783625844415083e-03
-7.048503721357991803e-03
-6.857420186218999777e-03
-3.955151107296260918e-03
2.177526209176357599e-03
1.187077792416737880e-02
2.558862677582589978e-02
4.448593569792883701e-02
6.112485549602244411e-02
6.955414518370441057e-02
7.069840469412967676e-02
6.453645740070100556e-02
4.848606289300232824e-02
2.712209419020715148e-02
1.056353055636117394e-02
-5.073590468849159367e-03
-2.107466305709299742e-02
-3.200537015796094814e-02
-3.957773941879068336e-02
-4.586451379232112102e-02
-4.716345965187339340e-02
-4.572092318364757990e-02
-4.117421800964968931e-02
-4.110198293511201778e-02
-5.005207330225022039e-02
-6.212699029844384602e-02
-6.249193190823731925e-02
-5.087681157132373233e-02
-3.826030065848257805e-02
-1.805138726073681962e-02
-1.086761022558181558e-03
4.499419728857990616e-03
5.271969678859502080e-03
-2.426029524592626403e-03
-1.479722083274885233e-02
-3.021410719657998539e-02
-4.868973287681427342e-02
-6.015803762358106627e-02
-5.957149693716969063e-02
-4.952849868768061797e-02
-3.497857755313664441e-02
-2.183106103694655922e-02
-1.578063270077088159e-02
-2.382296069536915181e-02
-4.213120307144529314e-02
-6.237405094207797845e-02
-7.687329701808741367e-02
-8.349486055225213699e-02
-8.483812171666441082e-02
-7.847811996660453149e-02
-7.120053205428612808e-02
-6.459694271756333261e-02
-5.112457133681570787e-02
-2.368922544965939431e-02
1.784759098394409979e-02
6.653637440817079807e-02
1.291303781076530433e-01
1.820326810150527663e-01
1.986382684871499105e-01
2.034696064665614534e-01
2.106673591731778872e-01
2.172564924740659487e-01
2.247641140299323492e-01
2.334839226780245913e-01
2.442118348250188198e-01
2.586509564212537970e-01
2.701479026118741578e-01
2.775658110467568163e-01
2.819502071881454519e-01
2.789300007622683153e-01
2.709399400198550523e-01
2.326972978263624758e-01
1.307051162639649433e-01
4.667375861893212352e-02
2.825038665949202235e-02
3.072482698989250152e-02
4.055078173099865152e-02
6.172425100369090950e-02
1.450587871273172902e-01
3.119197570483887016e-01
4.253155182049076499e-01
4.321847287429743667e-01
4.211469477467302269e-01
4.178486712399760439e-01
4.029860171117967682e-01
3.453429688863710600e-01
2.354712329397352644e-01
1.178254198001233155e-01
1.090223930986298530e-02
-5.976637151696363032e-02
-8.563383515247847966e-02
-1.035420445119610566e-01
-1.343254849763223235e-01
-1.898503743910310293e-01
-2.798377315615630523e-01
-3.708814393069763127e-01
-4.104449707654301283e-01
-4.112694835113237524e-01
-4.146223366276255429e-01
-4.184456310973010407e-01
-4.129018202877946520e-01
-3.980793092856462767e-01
-3.480948027281088319e-01
-1.974527156824759655e-01
7.861839538453280207e-02
3.523526803655460116e-01
4.896451031926414288e-01
5.726401141688545193e-01
6.301582225525886871e-01
5.357494834391562932e-01
2.997453392252015791e-01
6.864553484400787164e-02
-1.246786858493676431e-01
-2.539817245035896343e-01
-2.984995491791632705e-01
-3.009342974298927498e-01
-2.824100489520614543e-01
-2.580073132656793833e-01
-2.537999528205507338e-01
-2.512880756422787298e-01
-1.833124122996733774e-01
1.388345728839047132e-02
2.311526895668917503e-01
3.855756276197336296e-01
4.412024986164153062e-01
3.918539674263339934e-01
2.600311582825417522e-01
4.191079926768112585e-02
-2.179096076031982743e-01
-4.322751635381339441e-01
-4.661744548089886142e-01
-4.044602621391234498e-01
-4.388615680085445891e-01
-4.930550136734703770e-01
-4.736126603300667148e-01
-4.443839541159558815e-01
-4.565601761245826062e-01
-4.983963046673826058e-01
-5.486949650145891422e-01
-5.809224529524817937e-01
-5.946879368102091501e-01
-5.901418405487970364e-01
-5.753278994274868552e-01
-5.176922934669994092e-01
-3.808561040329407898e-01
-2.285875889181517573e-01
-8.900912782518524691e-02
5.083502212607918236e-02
1.816155533414191003e-01
2.361502832345616920e-01
2.278201335367852909e-01
2.135067411133718396e-01
1.873485104419487512e-01
1.428926369839071120e-01
9.608126412057009513e-02
7.134207040202213135e-02
7.123057174185534746e-02
8.772161599085638584e-02
1.236362275023713819e-01
1.727046589029560264e-01
2.188495882172257212e-01
2.558774723542409646e-01
2.850470914952051293e-01
3.004273213213674021e-01
3.026636091737416878e-01
2.980518856669645000e-01
2.885941200694431275e-01
2.756614933152674030e-01
2.625856593418240958e-01
2.517594190883721272e-01
1.976142579362734630e-01
8.047492475419100455e-02
-5.426085454341253445e-02
-1.702078241207865827e-01
-1.878553512365661315e-01
-1.381567855188859939e-01
-1.189995385795738214e-01
-1.199714983805180435e-01
-9.147427660057183552e-02
-4.185581671640956070e-02
2.808205615797808308e-02
1.241506684281530465e-01
1.627430294167925284e-01
9.070088995957271971e-02
-2.407892950461127182e-02
-1.263687565599055096e-01
-2.140336534710047256e-01
-2.743300044608484867e-01
-3.011363661991270368e-01
-3.145480041875144406e-01
-3.240804179575989541e-01
-3.284127182444193105e-01
-3.270622854428846815e-01
-3.204061943098697185e-01
-2.983876896819085967e-01
-2.536039731771750905e-01
-2.129308902256900615e-01
-1.810102265741179717e-01
-1.522804001863723444e-01
-1.324318344912445156e-01
-1.226383550880510154e-01
-1.152840441899139756e-01
-1.040247768786419086e-01
-8.589884744123656157e-02
-5.773959469876191464e-02
-1.362813573067480494e-02
5.902550531851315230e-02
1.444959263748005762e-01
2.163539487079100543e-01
2.653970313030684092e-01
3.059747405017529953e-01
3.459151211939016646e-01
3.765910096537452567e-01
3.956874104391071567e-01
4.049067980354225105e-01
4.063510484798159017e-01
3.988790144817454530e-01
3.839775703666149509e-01
3.628891233327634636e-01
3.078109502328977842e-01
1.979217362398159319e-01
9.174001056350573891e-02
5.158648791398726119e-02
2.149239062238534129e-02
-5.758116466484775042e-02
-1.354774799318198275e-01
-2.428557639439854476e-01
-3.913650331722045572e-01
-4.892087158394400892e-01
-4.999679757084471987e-01
-4.839492897598493548e-01
-4.632821200261426631e-01
-3.861414652782256818e-01
-2.427835965264017737e-01
-1.007946534768683206e-01
2.635184232140932309e-02
1.497710939723517765e-01
2.379896502902257849e-01
2.860504441227982309e-01
3.170637152598455577e-01
3.337580686555706166e-01
3.846507570587627267e-01
4.859605054786345635e-01
5.310940084354689450e-01
4.910444745242250053e-01
4.123276382716444810e-01
3.335591572108556058e-01
2.975467137438787546e-01
3.094983146652762196e-01
3.226623282020795735e-01
3.075053663240668866e-01
2.865017160058762058e-01
2.767794117182746372e-01
2.665702028851631433e-01
2.587366552296344602e-01
2.578325328012188722e-01
2.589182013894933965e-01
2.614467672830816380e-01
2.668324863434438088e-01
2.729935540964706919e-01
2.786762871848257328e-01
2.823410388589970288e-01
2.827535207551237773e-01
2.744743392960158346e-01
2.069746426246928950e-01
1.037100818333410862e-01
6.290881150637306352e-02
6.051188349292104668e-02
2.658280060999509628e-02
-2.334338565320759340e-02
-6.084209453300238463e-02
-1.139289205062363891e-01
-1.739061561964523328e-01
-2.163455366932979240e-01
-2.333998025319036496e-01
-2.048079512256508194e-01
-2.059274257385996787e-01
-2.560030887654725640e-01
-3.086828228465806068e-01
-3.682502603665112062e-01
-4.353458871563195554e-01
-4.844467938948168739e-01
-4.989057615308873928e-01
-4.952037985320245084e-01
-4.900253352740354673e-01
-4.760266604482408237e-01
-4.363357083931158065e-01
-3.668254049155934560e-01
-3.103514688550232936e-01
-2.832449357642326526e-01
-2.791178615711658595e-01
-2.898394590691215078e-01
-3.015720769827885395e-01
-2.989686373934572483e-01
-2.825268699592750066e-01
-2.728104292743521175e-01
-2.655855686815057903e-01
-2.531711941948528999e-01
-2.362540238973382112e-01
-2.197779994921218172e-01
-2.041291490063223135e-01
-1.798277859893273600e-01
-1.513803371751958615e-01
-1.250957909706833515e-01
-9.899258795516778509e-02
-6.477682000589066180e-02
-9.183791017592160544e-03
6.185832453417059590e-02
1.103783061134372551e-01
1.234711670869667044e-01
1.180007866248516668e-01
1.103413203119256170e-01
1.211288382353803428e-01
1.537042182306624094e-01
1.834460798884291477e-01
2.024350639831813681e-01
2.147467803183214508e-01
2.270407254268815289e-01
2.443924788921579827e-01
2.696803930598398735e-01
3.064185701198925971e-01
3.433757301876758650e-01
3.683406951616707836e-01
3.851588607831878952e-01
3.964898219133656809e-01
4.011222935526981836e-01
3.996706008433664747e-01
3.932758910759124316e-01
3.805606686672076133e-01
3.552883155989421948e-01
2.837390570515009314e-01
1.703123992193289471e-01
6.011110624983367207e-02
-4.234795339969427835e-02
-8.982448432997287846e-02
-6.460212975070216135e-02
-5.626537222375327385e-02
-8.088700070859383695e-02
-8.843877970309421688e-02
-6.616374245794104381e-02
-3.449047773477301182e-02
1.989047692288956493e-03
5.103368549529625764e-02
8.059844379984908158e-02
7.798602838795580527e-02
5.673184436915979650e-02
1.408716561114300991e-02
-4.225307579788973450e-02
-7.802883268751012458e-02
-8.732395096765231679e-02
-9.933896900725147638e-02
-1.279981164304010710e-01
-1.578191367243299559e-01
-1.993090871859082014e-01
-2.336280319900120306e-01
-2.348970509235850657e-01
-2.085263323120140344e-01
-1.670415012266205645e-01
-1.195053419675634471e-01
-2.707441858996593315e-02
7.919546409738632831e-02
1.250783129242372949e-01
1.316785419655788492e-01
1.300812063866360335e-01
1.097702505156587377e-01
5.827870786043001794e-02
3.440935704694535364e-03
-6.382188720503259582e-02
-1.373027517887371041e-01
-1.808429334792317766e-01
-2.118695555885320436e-01
-2.529666446706391736e-01
-2.782716985999971748e-01
-2.737610094778371583e-01
-2.555574549618933600e-01
-2.570071179626055580e-01
-2.734531703372067302e-01
-2.652278889181066690e-01
-1.974291259578533353e-01
-1.234020667846303099e-01
-9.801422329591301386e-02
-9.144829633024170734e-02
-7.962422876710537056e-02
-7.617746779867275164e-02
-8.940041054239676599e-02
-1.180012376712115535e-01
-1.645860725002897818e-01
-2.529438668294643477e-01
-3.138714346476673689e-01
-3.394074243132931268e-01
-3.639479546626240847e-01
-3.822087920662749494e-01
-3.852486190088075246e-01
-3.831722270910170591e-01
-3.752924471835988318e-01
-3.497314244449987175e-01
-3.155869894775394369e-01
-2.888965466537547488e-01
-2.631812660600694187e-01
-2.053816370908050915e-01
-1.461458765116254999e-01
-1.004269830365974447e-01
-4.491848915707103568e-02
2.671935489545422190e-02
1.040186426481472942e-01
1.833550812853197431e-01
2.732499739520726778e-01
3.928413079081506942e-01
5.255463637319034431e-01
6.501524311173274562e-01
7.159957276888789801e-01
7.269369847641049542e-01
7.526597076227286021e-01
7.643783430992387995e-01
7.638158882884459322e-01
7.769246486461617307e-01
7.503505757832307221e-01
6.710969943623714684e-01
5.942143381323162776e-01
5.397529709296110534e-01
4.582150652190483675e-01
3.597187184690404105e-01
3.078057631997589416e-01
2.665404338254098726e-01
1.745825002131194126e-01
1.241417377102270736e-01
1.162254681522930932e-01
1.148353207187694375e-01
1.255757945068868009e-01
1.446872376883513445e-01
1.599753412955043641e-01
1.651675840197882883e-01
1.594895643658942042e-01
1.417198262389003094e-01
1.046384480036011561e-01
2.982395209526820731e-02
-6.566811016536712453e-02
-1.727038470195081943e-01
-2.756890071432211986e-01
-3.350922637881489363e-01
-3.904552726642902538e-01
-4.673004920464740031e-01
-5.063263762439293991e-01
-4.966881921024488555e-01
-4.799110716996824455e-01
-4.704323324464258493e-01
-4.672109593440342823e-01
-4.671958492909776828e-01
-4.704688672015775452e-01
-4.819148451535293920e-01
-4.996657746473155415e-01
-5.152000368053829549e-01
-5.230083258647573174e-01
-5.220940548932441194e-01
-5.093409445903078758e-01
-4.923328884512736536e-01
-4.761576894157912299e-01
-4.552115475084875240e-01
-3.808484362448225635e-01
-2.502840464451457914e-01
-1.589743341089827067e-01
-1.180362163164216383e-01
-7.965149451956120286e-02
-3.634100818784457426e-02
5.190792610236857202e-03
5.436132512007981615e-02
1.177044717187166606e-01
1.777165507402347078e-01
2.169347836578686961e-01
2.307756148100170157e-01
2.322972197051329513e-01
2.204266492622911078e-01
1.379242034634045877e-01
-3.034741394824784306e-06
-8.778059030241304461e-02
-7.687690538896659043e-02
-3.751526228120304757e-02
5.071955425794529015e-02
1.727808406331428071e-01
2.319503650543713602e-01
2.406821715356369518e-01
2.573228504145341766e-01
2.819858398505773467e-01
2.902444987003098831e-01
2.873875710567159181e-01
2.849997316274158754e-01
2.786979374101008489e-01
2.654455187867574839e-01
2.575858104423546791e-01
2.667939218796725465e-01
2.904587457212614576e-01
3.200670074472264370e-01
3.511716154721530314e-01
3.689719345423480568e-01
3.711042562087658592e-01
3.574758904444475527e-01
2.786941035160416802e-01
1.540340233290198035e-01
3.413085847202632778e-02
-7.856357069948720351e-02
-1.930857750352154290e-01
-2.838067140054856274e-01
-3.308007831968993173e-01
-3.671884972353113286e-01
-4.037624934203611904e-01
-4.516140017419410513e-01
-4.993040354666773428e-01
-5.311641461444330803e-01
-5.424177528238884882e-01
-5.001941754579360966e-01
-3.019166764017505722e-01
9.119442488657310969e-03
2.669019474828681626e-01
3.163918817067775113e-01
2.833885940298601636e-01
2.966220687060878158e-01
3.200994827851390556e-01
3.300200219479158537e-01
3.390057675298039919e-01
3.477208852957533458e-01
3.447577362344034224e-01
3.348813996148966021e-01
3.132341061411315075e-01
2.461707291660558683e-01
1.993156724627627163e-01
1.875715979715542880e-01
1.762731798362431046e-01
1.480200192416376848e-01
8.467851896221448293e-02
2.722073802911684562e-02
1.584958415780849186e-02
2.589962324097557639e-02
4.154790991882518353e-02
6.302700820498433054e-02
8.714504342899875855e-02
9.762348183433337823e-02
9.329729322568960925e-02
7.715120923273856290e-02
4.907650513042682155e-02
9.643982342437101840e-03
-3.636471067405720736e-02
-8.275288929021991369e-02
-1.276663267280600811e-01
-1.667052236129986098e-01
-1.921985442929780574e-01
-2.342193537678383120e-01
-2.861823751830684381e-01
-2.999447017162764628e-01
-2.960677327297731587e-01
-2.957071211650347253e-01
-2.974283140744055087e-01
-3.019563684814215998e-01
-3.071199472095340055e-01
-3.076799212653474336e-01
-3.094739581618417557e-01
-3.226147428111103554e-01
-3.459640597239505566e-01
-3.685502061958434439e-01
-3.774608525588085128e-01
-3.866820443405634689e-01
-3.938137638600908152e-01
-3.878585987703573879e-01
-3.786807074391527195e-01
-3.614575021864472326e-01
-3.130812014251260211e-01
-1.979372973392324042e-01
4.799207691964203076e-02
2.293067823390091409e-01
3.060230024622620504e-01
3.965698826422476286e-01
5.411636184201921163e-01
6.792088376219572732e-01
7.367461154759870068e-01
7.688141585256557109e-01
8.665290674571404228e-01
9.593986108674208424e-01
1.000000000000000000e+00
9.882879046957082636e-01
8.908733926399157177e-01
7.734619657412247218e-01
7.580943652131396648e-01
7.739353388959377966e-01
7.638774561165719845e-01
7.488138608350581871e-01
7.405793329655800949e-01
7.314961613699541010e-01
7.307629855119398554e-01
7.422292605500870888e-01
7.063512288983597731e-01
6.174632972300792000e-01
5.290503173787710622e-01
4.681473315871825247e-01
4.087321222137174637e-01
3.233314554769883276e-01
2.328105104626968791e-01
1.627960950210345370e-01
1.134006099048878446e-01
6.168074758227874710e-02
1.063836816839545257e-02
-3.062473980263113321e-02
-9.790917459869277750e-02
-1.751364302477101675e-01
-2.100551765012063365e-01
-2.144353102544938883e-01
-2.126042198995339305e-01
-2.018505304530715527e-01
-1.847847854846064453e-01
-1.754224612968394714e-01
-1.741145396147252278e-01
-1.742993784130114077e-01
-1.768058204826466751e-01
-1.848587119829937508e-01
-1.962920155322324389e-01
-2.076118583696388020e-01
-2.170020121178115047e-01
-2.268603068829223302e-01
-2.405486618131071064e-01
-2.570429761482174169e-01
-2.770755236535476507e-01
-3.127902765229918502e-01
-3.807309386680691188e-01
-4.609344237228734653e-01
-5.268298161489931575e-01
-5.623075441563110122e-01
-5.803667638370875181e-01
-6.025059233663213609e-01
-6.251863385274328833e-01
-6.371584620582056990e-01
-6.398056531444471506e-01
-6.456304658361700088e-01
-6.562451653468298618e-01
-6.718533991079204126e-01
-6.927070765114450301e-01
-7.207761425342580353e-01
-7.402527754010139738e-01
-7.422768459410563624e-01
-7.384941456437715823e-01
-7.308272596182252556e-01
-7.039153530317306950e-01
-6.578093941229560260e-01
-6.120263844078684956e-01
-5.728904448985979725e-01
-5.440103975206883602e-01
-5.211777542131112995e-01
-4.960767987616070962e-01
-4.629981863425868260e-01
-4.236561186468428275e-01
-3.891605440882029976e-01
-3.527514053476958344e-01
-3.170181595774958505e-01
-2.885363861353761328e-01
-2.725571667432693523e-01
-2.633235711866172557e-01
-2.439369220686609663e-01
-2.118814632124333686e-01
-1.799605740376813146e-01
-1.453652280242320183e-01
-1.070724971324727576e-01
-7.903861272573178831e-02
-5.208417246749872526e-02
-1.840479787033950584e-02
1.599841366995223904e-02
4.598782986711722615e-02
6.896223704561026124e-02
8.763458659571406184e-02
1.039876106585863186e-01
1.197894335173452091e-01
1.322103030715806038e-01
1.384160244142373652e-01
1.338656883170422918e-01
1.231591557675072446e-01
1.057984039273508620e-01
8.238375294927939574e-02
6.026132723999770568e-02
4.491445229214994367e-02
3.402583232712407674e-02
2.788894065898775074e-02
3.289415701013997245e-02
4.978550490355049957e-02
7.461698270733360672e-02
1.055469230293897276e-01
1.392351922607661385e-01
1.761717169575840458e-01
2.114759725348850372e-01
2.737371040207625672e-01
3.795230365162622355e-01
4.345630961987165808e-01
4.471881093354417858e-01
4.601074302220005130e-01
4.730190833204409584e-01
5.105163714042020295e-01
6.331349030047355164e-01
7.454307876126431420e-01
6.577656426260459765e-01
4.236795730575576013e-01
3.765132041566627841e-01
5.659549305456262891e-01
6.204162977483314023e-01
5.025475098407039543e-01
4.356072685218804752e-01
4.266014513769768590e-01
4.256813168027849259e-01
4.299335563607234456e-01
4.393121633220827271e-01
4.572929009362369235e-01
4.808819489893629284e-01
4.526035974555572272e-01
4.032530365568564035e-01
3.866892610823218224e-01
3.816925695073716818e-01
3.744300465434738379e-01
3.674115396602808947e-01
3.577584709889236603e-01
3.388921038471097158e-01
3.123971896203407428e-01
2.758236444816507538e-01
2.189750467622313679e-01
1.602473448028408909e-01
1.073544462120450127e-01
6.060405481656621490e-02
2.609855723800859340e-02
-8.741515254162368284e-03
-6.760206164270182727e-02
-1.374112735429285637e-01
-2.222437346277762460e-01
-3.013375328756415228e-01
-3.453772484097232809e-01
-3.682818336117041347e-01
-3.886589805359964567e-01
-4.095676855954285545e-01
-4.293925262520257302e-01
-4.454599252074926130e-01
-4.515474724038560650e-01
-4.549587360237646871e-01
-4.624309955450151000e-01
-4.656280121439722031e-01
-4.646278168408983222e-01
-4.643222329320674802e-01
-4.647640328415875710e-01
-4.631867237210241517e-01
-4.569613818617118683e-01
-4.502780024239231293e-01
-4.354038466135665142e-01
-4.121909712245953594e-01
-3.891183712535525863e-01
-3.595800217133717225e-01
-3.272672860134583361e-01
-3.002568257973259325e-01
-2.699839472600512047e-01
-2.434919648346215715e-01
-2.438417512867225023e-01
-2.630482073838995016e-01
-2.712807055447579718e-01
-2.535638300511441345e-01
-2.272049063018844184e-01
-2.053410654707322758e-01
-1.840253361761281792e-01
-1.632471639332505609e-01
-1.362866345491588471e-01
-9.667709636199536827e-02
-5.969891753384087840e-02
-2.533171076922799414e-02
9.102023078238050471e-03
4.199561853565994540e-02
7.294768268166908209e-02
1.038777583176331565e-01
1.422822133927391375e-01
1.944537535401501260e-01
2.252470719197931237e-01
2.332836580942298788e-01
2.389812757124615550e-01
2.816150797427411923e-01
3.871574472038959991e-01
4.118039734478028402e-01
3.964611804695122310e-01
4.259801350162173983e-01
4.313800620369163119e-01
4.072829102593651940e-01
4.058323451659331393e-01
4.189762871397210708e-01
4.157479228187510589e-01
3.976481089655837797e-01
3.694141854982280759e-01
3.272445081722834548e-01
2.709859467485646323e-01
2.237227156418818141e-01
1.958003524476256141e-01
1.784383376776615127e-01
1.646347178502047814e-01
1.502298081203680413e-01
1.304968907119180288e-01
9.889827416131312388e-02
5.046205189107952349e-02
-3.280029426264519793e-02
-1.207726243726508913e-01
-1.682947109852791778e-01
-2.077899765771625273e-01
-2.346679193727568835e-01
-2.412946924923784486e-01
-2.390989988123949084e-01
-2.361200631284485207e-01
-2.305823414448006925e-01
-2.238930081950613049e-01
-2.137569816338432682e-01
-2.060656037909544547e-01
-2.050031189855786862e-01
-2.074594949092652407e-01
-2.108956111836042813e-01
-2.166636371386159998e-01
-2.238988943500579698e-01
-2.281117350084593542e-01
-2.336350232085904477e-01
-2.361753163075360484e-01
-2.355129547280258029e-01
-2.362420711688009156e-01
-2.439477471812985243e-01
-2.511665186482862078e-01
-2.403959826202816674e-01
-2.103167833899471650e-01
-1.624228992628549417e-01
-1.258873322276683471e-01
-1.012272971452824882e-01
-4.879712701510599548e-02
1.268974956552959381e-02
5.162507493007652964e-02
8.731339648283069355e-02
1.353370466476655765e-01
1.823741682141315490e-01
2.269340529627656422e-01
2.766630417574209577e-01
3.462170967318533576e-01
4.452434229547415079e-01
5.174789485387676358e-01
5.451497406257906908e-01
5.590654229213641857e-01
5.597210188054758673e-01
5.447379352992038903e-01
4.714217026368620611e-01
3.336852246684470780e-01
2.444513404421246594e-01
1.558510861421869287e-01
6.184855938047880558e-02
3.194152454571737992e-02
5.433153350800855319e-02
7.593327129942396836e-02
6.344794722035915213e-02
2.124227188443109787e-02
-6.058109655684739900e-03
-2.002185319613705716e-02
-3.305912721627266709e-02
-4.378882099638847086e-02
-4.885459032135699986e-02
-5.667253177283320537e-02
-7.501291120205208496e-02
-1.074842799067416560e-01
-1.543258503238738311e-01
-2.044327257588516855e-01
-2.460760094304772772e-01
-2.664883379708416489e-01
-2.664136897982785079e-01
-2.595995069161193269e-01
-2.498343532243274545e-01
-2.380927143834624671e-01
-2.250911451931763840e-01
-2.097652890056998509e-01
-1.894575806685138419e-01
-1.673504679831507025e-01
-1.533235802075444409e-01
-1.498480875859863337e-01
-1.481949801246421616e-01
-1.444067094048127609e-01
-1.359494999474530896e-01
-1.209899836134857437e-01
-9.709041269388792028e-02
-6.737601975943893762e-02
-1.976058684739793667e-02
4.475182752708871392e-02
8.508727972587205868e-02
9.498240242626858343e-02
9.981457484144592995e-02
1.068309618067473793e-01
1.114959764409465259e-01
1.187922827772006917e-01
1.266739570793304903e-01
1.324101391613334289e-01
1.376160485903222541e-01
1.400100899070709226e-01
1.347344036062058381e-01
1.278824906960412122e-01
1.220362758545411458e-01
1.205340434005828382e-01
1.259546734492011377e-01
1.381728427692983652e-01
1.575488471931610623e-01
1.841599960668757474e-01
2.122917800860325832e-01
2.339279778193441850e-01
2.480008497713420412e-01
2.544492340556239185e-01
2.491708640289174992e-01
2.375713047914203568e-01
2.270010333472105291e-01
2.143510773467829367e-01
2.068840048586713942e-01
2.076648337646088138e-01
2.124180730668040196e-01
2.203640665798552722e-01
2.319661516769677967e-01
2.392435591707422482e-01
2.361286330092866037e-01
2.223733202469749259e-01
1.913590793602538698e-01
1.324450275972715307e-01
5.733191644636810580e-02
6.363197413519753286e-03
-1.858832412371840687e-02
-3.824117629282290654e-02
-5.656455127427362228e-02
-7.242931765255627985e-02
-9.099416030277840406e-02
-1.072530058857039531e-01
-1.209992751684996343e-01
-1.331697012314016770e-01
-1.393502767394941277e-01
-1.396587698973463521e-01
-1.390004677350752116e-01
-1.394745851162819961e-01
-1.421620997470982861e-01
-1.459761026617598656e-01
-1.543918384063269200e-01
-1.662809919591965446e-01
-1.761932544212691798e-01
-1.850199836089752858e-01
-1.992274026901307005e-01
-2.182471255943099764e-01
-2.375956612948548763e-01
-2.544456256847447140e-01
-2.720777044626978003e-01
-2.866487571192029571e-01
-2.920755213983158294e-01
-2.929110847800269202e-01
-2.984183608343816130e-01
-3.017716649970433873e-01
-3.016203389432975945e-01
-3.067642971547543951e-01
-3.187359696391674491e-01
-3.310691557810386265e-01
-3.422090987777996474e-01
-3.529739967263055278e-01
-3.600763982324394763e-01
-3.597809628667062998e-01
-3.532881505159745084e-01
-3.470862630673768323e-01
-3.359366225738780187e-01
-3.153389139795955143e-01
-2.957538044632841978e-01
-2.806184928105465159e-01
-2.637642434802375813e-01
-2.446793443770531040e-01
-2.267310821008115540e-01
-2.083402531362380794e-01
-1.822391700386140900e-01
-1.496203993835098223e-01
-1.156486249626195173e-01
-8.643694574859488167e-02
-5.617529826568164186e-02
-2.528135144314538202e-02
1.134828356562972559e-03
3.261344830805744388e-02
6.815878816472392687e-02
9.963469755311860077e-02
1.268660577240110499e-01
1.516856279038928390e-01
1.728013181378821594e-01
1.938756023160328190e-01
2.221747245347118482e-01
2.594558486504918160e-01
2.974650743527371688e-01
3.280042957655316394e-01
3.464861458855325593e-01
3.550084413326254906e-01
3.595299555674230652e-01
3.591921218438595131e-01
3.523402765906488154e-01
3.440414746148853786e-01
3.366321360608406921e-01
3.283146156611414512e-01
3.217893279724969857e-01
3.170226700410948562e-01
3.141761164637784653e-01
3.099434974224955508e-01
3.002554726582462030e-01
2.790912498359318650e-01
2.486514841454949276e-01
2.268652683928812364e-01
2.185079205996030005e-01
2.172927340490837522e-01
2.174288372881829912e-01
2.127958243932185911e-01
2.038219638829137648e-01
1.937471443127338766e-01
1.823499470246050247e-01
1.721860232460272755e-01
1.638263751163135662e-01
1.532396630322854503e-01
1.406020657021190556e-01
1.247800134141187345e-01
1.052432335152704013e-01
8.311244089601260709e-02
6.242808629599375797e-02
4.449827181587204944e-02
2.410224860141799846e-02
1.482433999513771894e-04
-2.356367669538177861e-02
-4.203612249877879126e-02
-5.716189452100454982e-02
-7.320410253727108185e-02
-8.686649974944374297e-02
-9.651363716116832803e-02
-1.063342921075456776e-01
-1.173092874504920308e-01
-1.240939944530318612e-01
-1.292084993371873658e-01
-1.364343071273894648e-01
-1.457070986127166901e-01
-1.572257401332481097e-01
-1.734773238697792930e-01
-1.894941605283015640e-01
-2.067981481840648061e-01
-2.245117084869334145e-01
-2.409575353383546781e-01
-2.488700161068655159e-01
-2.545791354072745594e-01
-2.636528350293428358e-01
-2.671698690206475435e-01
-2.661024678099488949e-01
-2.650988896591758293e-01
-2.592147643711263383e-01
-2.454689010300545593e-01
-2.097428043446589452e-01
-1.444150537624708519e-01
-1.067899842449506476e-01
-9.632997108341787018e-02
-8.868457741692063745e-02
-8.384568441098080860e-02
-7.857615489292835154e-02
-7.428528321426459968e-02
-6.727579725826959844e-02
-5.541014322075065585e-02
-4.005084194568770545e-02
-1.905337772832304752e-02
4.330333724691224143e-03
2.890499024161199970e-02
5.478343685599036672e-02
8.040749332338625877e-02
1.013874637076822571e-01
1.132108772535967561e-01
1.188320876184616876e-01
1.237746761825420649e-01
1.214878936901771511e-01
1.128595346915542003e-01
1.060696857605115256e-01
9.300645853282737963e-02
7.463019836567862109e-02
5.656243135638210073e-02
4.270326516970393560e-02
3.475023533343827437e-02
3.144670413659127195e-02
3.478961168065736881e-02
3.956450120812766980e-02
4.018640392915504705e-02
3.834259406684596694e-02
3.189923894947694488e-02
2.507429861163419649e-02
2.241168399511607109e-02
2.024326057805199419e-02
1.936400433545761371e-02
1.955143665031322878e-02
1.965068263611338684e-02
2.107107272806820961e-02
2.808552921494929938e-02
4.169219964935656081e-02
5.575336694831505013e-02
6.737453130645126853e-02
7.868318819413215592e-02
8.720703975116674000e-02
9.241561035367897026e-02
9.960546974899721351e-02
1.092470592904950522e-01
1.206833622980270637e-01
1.312298184944343249e-01
1.380196448731589864e-01
1.431941163708629616e-01
1.507463689640412552e-01
1.572852331481186805e-01
1.639066839206934079e-01
1.712261063828923457e-01
1.766759642356320326e-01
1.817120772624372660e-01
1.848204406993564086e-01
1.848065484714715156e-01
1.842439357944527512e-01
1.796015411352024915e-01
1.661813332659770603e-01
1.500578692479749010e-01
1.320417019422507332e-01
1.107669727617613814e-01
8.816650556794178306e-02
6.971147015403683644e-02
5.627791131255844431e-02
4.864045606199542127e-02
4.700992347096411700e-02
4.609129990207783828e-02
4.134103750585796377e-02
3.713775903028641162e-02
3.397517982090753064e-02
2.754113881087039833e-02
1.578072516527466093e-02
7.218038516652857403e-04
-1.193544895124955610e-02
-2.330705386891781042e-02
-3.392991731869176436e-02
-4.043592277545062647e-02
-4.120527255152866414e-02
-4.010093064395438278e-02
-3.730426279404275985e-02
-3.180142954633306124e-02
-2.590124700787120940e-02
-2.161787623017256618e-02
-2.082262737210918702e-02
-2.195402755081375668e-02
-2.772203095350749338e-02
-3.684917956922366400e-02
-4.731138030560195357e-02
-6.096777860118796771e-02
-7.574022345738762318e-02
-8.895912933619055940e-02
-1.062172455771521473e-01
-1.240269238593150330e-01
-1.431983787589639623e-01
-1.599257261959156073e-01
-1.769274676859111661e-01
-1.958861414652782185e-01
-2.095677307000645417e-01
-2.198367482804985118e-01
-2.264464718477159078e-01
-2.264868404969267723e-01
-2.215630380137361688e-01
-2.103808996300066403e-01
-1.920810692685425980e-01
-1.670748786572530120e-01
-1.385904891462459154e-01
-1.140300451001255294e-01
-9.912102340614874219e-02
-9.024409275858599755e-02
-8.222040651004230982e-02
-7.367837778470384680e-02
-6.735276831958618426e-02
-6.285053631667424090e-02
-6.113622186429187866e-02
-6.136598488002392021e-02
-5.948417436189343266e-02
-5.427249153949790378e-02
-5.124840611492571113e-02
-5.076436571380116280e-02
-4.820846641080310524e-02
-4.482530297911610506e-02
-4.226286350389951707e-02
-4.205330736509090700e-02
-4.165607083592872545e-02
-3.749370226519992827e-02
-3.284375257942136889e-02
-3.217464785683066958e-02
-3.297239100126428402e-02
-3.299124473910801381e-02
-3.470858120210169179e-02
-4.102843982613064988e-02
-4.751164488939666614e-02
-5.238120904780955989e-02
-5.300354026287883852e-02
-5.231643879052820523e-02
-5.103582796550577838e-02
-4.458369999643672921e-02
-3.511515439091376228e-02
-2.521757348785580097e-02
-1.137922760115052910e-02
1.773131574282599504e-04
2.104146604500450012e-03
3.503166570969664095e-05
-4.918031345015734523e-03
-1.364023504927906923e-02
-2.194930284019382463e-02
-2.458586050850064542e-02
-2.561995194552081634e-02
-2.802028535899005190e-02
-2.617568616555115274e-02
-2.341332039130978107e-02
-2.223908659503749663e-02
-1.805011531000190461e-02
-9.948301066228489378e-03
-4.040135007196444215e-03
-2.462300417623824577e-03
3.759751058493045021e-03
1.144947807170464300e-02
1.727583559721018736e-02
2.565355489933321756e-02
4.018572735961520315e-02
5.745954001390124466e-02
7.578573403510133200e-02
9.559165329690080815e-02
1.101440551864242140e-01
1.200761185836963924e-01
1.294511622788125094e-01
1.323318600655731259e-01
1.300608190911686501e-01
1.250701489851231418e-01
1.172532449402746979e-01
1.081374626928279514e-01
9.820064075645887347e-02
8.771494050472990189e-02
8.068878838573666223e-02
8.112168012964876551e-02
8.721775210221432983e-02
9.442978042612153178e-02
1.056215712019528408e-01
1.202637087647779601e-01
1.334528681361456248e-01
1.445110589801751610e-01
1.556042284694147682e-01
1.664917659231768821e-01
1.736429931977698238e-01
1.737451551982867326e-01
1.668042959459502261e-01
1.532470150879517989e-01
1.331022472482789043e-01
1.086982711844071414e-01
7.741105704067580140e-02
4.251206661774317025e-02
1.073635122438789530e-02
-2.051367640220164851e-02
-5.455464358993210305e-02
-8.412253666668620400e-02
-1.023260009733580334e-01
-1.176976158140462109e-01
-1.309485459844019206e-01
-1.394179562457968091e-01
-1.431771570277307615e-01
-1.420779119440233607e-01
-1.371423822554753702e-01
-1.270225708108956575e-01
-1.058168517234706896e-01
-7.563077705815836327e-02
-4.725107540728358535e-02
-2.570786088106493880e-02
-9.673625109209601364e-03
1.403012403323850802e-04
3.438594774086664672e-03
3.094608778174046896e-03
2.739840519028067384e-03
1.608655714960350756e-03
-3.007022340777251723e-03
-7.326738434156477436e-03
-7.683795753578939909e-03
-6.509356731212904458e-03
-3.760014920613585689e-03
-2.083391029680203583e-03
-2.515232963189655696e-03
-6.786353321753469531e-03
-1.296327309909894344e-02
-2.060467951577467025e-02
-3.095912302154152362e-02
-3.709531556782000999e-02
-3.724037207716320713e-02
-3.624574719663410660e-02
-3.310971206553522950e-02
-2.474165192120941423e-02
-1.425870756273941997e-02
3.531859885154575327e-04
1.634942020245666941e-02
3.012973897496106293e-02
4.129638391622806465e-02
5.283453319182505187e-02
6.286294009157142315e-02
6.947906851709939602e-02
7.006619556377863267e-02
6.360736955626510036e-02
5.248840021523931698e-02
4.351205894995505835e-02
3.402671186752587867e-02
2.412507154722883657e-02
1.754098771033983303e-02
1.287973254755043519e-02
1.146536166926845172e-02
1.477788222006822492e-02
1.965837072131784713e-02
2.901700760509267132e-02
4.122428415559836745e-02
5.293482334994838168e-02
6.333288529394916211e-02
7.042786708746284763e-02
7.382778689142005524e-02
7.188770118359075201e-02
6.578087175534162723e-02
5.894048307967237471e-02
4.857076939939117266e-02
3.318722438248370571e-02
1.952958796463977187e-02
6.041914836132602183e-03
-1.026566856121172676e-02
-2.366313241773929099e-02
-3.065074262527925017e-02
-3.591964067842785130e-02
-4.411134169603354166e-02
-5.555086968503884087e-02
-6.666485496378773967e-02
-7.553409527091423104e-02
-8.921128680369154462e-02
-1.092201318228091383e-01
-1.272816969446570745e-01
-1.406633177977932025e-01
-1.510798951948678082e-01
-1.565420666132326943e-01
-1.549627954410038033e-01
-1.507342809215959645e-01
-1.435327394255563604e-01
-1.292306908180943514e-01
-1.139060299034715534e-01
-9.663366059753718262e-02
-7.854266470070593587e-02
-6.236166971949877458e-02
-4.191388893524643222e-02
-2.624681617650706858e-02
-1.559090907040698235e-02
-8.737133338775959768e-03
-7.686375738757556496e-03
-8.383763323345663418e-03
-1.025418492088872417e-02
-1.706035947492791013e-02
-2.637698815597363383e-02
-3.087504798005653514e-02
-2.785741251843087962e-02
-2.023526127085920057e-02
-7.741092172676784094e-03
4.365506319836071590e-03
1.436544317334568534e-02
2.533698801163879882e-02
3.506770431385249076e-02
4.417157893739791924e-02
4.996362311107422488e-02
5.841999813266807173e-02
7.069781833386180880e-02
8.429582867815901825e-02
9.475205305026866698e-02
9.868371140790963003e-02
9.630863659059468729e-02
8.953685206626592341e-02
7.849972508724363529e-02
6.854159121036937363e-02
6.042600426599647329e-02
5.204497653882358965e-02
4.619946081918138020e-02
4.542837451461773091e-02
4.591333956078007261e-02
4.579259445023538266e-02
4.419884468985375153e-02
3.722735938968014385e-02
2.623400645988596680e-02
1.023525450516380407e-02
-7.287400425877972945e-03
-2.187221225159185350e-02
-3.602148694649282001e-02
-4.946753977214039810e-02
-6.079121650360588824e-02
-6.723299295871527914e-02
-6.742547699280175555e-02
-6.734219128244657571e-02
-6.944138359372990787e-02
-6.679265894986484431e-02
-6.180888985312577022e-02
-5.688172707455390470e-02
-5.190314501095366628e-02
-4.789009533766909466e-02
-4.273799573941608476e-02
-3.531061533097556299e-02
-2.457165254816385744e-02
-1.451951158895964725e-02
-3.648570386009985112e-03
6.780924978812097152e-03
1.643533776832184143e-02
2.447566988277756136e-02
2.772033952965787668e-02
3.010558544238852580e-02
3.679794070273924994e-02
4.849059590891930532e-02
5.910788893614852407e-02
6.417810106776204726e-02
6.765681867079344214e-02
6.770505807898452577e-02
6.346939447477230323e-02
6.148447475876912816e-02
5.786415115104775325e-02
5.347761253944964543e-02
5.049978191908498920e-02
4.782462595852988996e-02
4.473385332964677913e-02
4.295657280542265755e-02
4.020712950939236280e-02
3.397854011628877180e-02
2.762832607223868198e-02
2.229294604087291715e-02
1.534949327196697202e-02
7.863866991841023113e-03
1.947716961192422257e-03
-3.748380179760016275e-03
-1.005052621323577512e-02
-1.923685887706596057e-02
-3.221181407688625958e-02
-4.731755964073255244e-02
-6.471755251420006905e-02
-8.396726395729132986e-02
-9.837720285404093212e-02
-1.078939878677550035e-01
-1.131429496717961114e-01
-1.103716080749927581e-01
-1.013688580453364629e-01
-9.105124021962349157e-02
-7.679889692102223608e-02
-5.974551062281834024e-02
-4.111549177359096613e-02
-2.276225752311500025e-02
-7.895636442200438740e-03
4.805247202723236973e-03
1.438151169991705274e-02
2.652908098853124300e-02
3.972926844339841335e-02
5.107985009023182504e-02
6.220317202863061973e-02
7.313599453692648522e-02
7.972909704578165502e-02
8.181261549605853278e-02
8.560625366757071419e-02
8.985175008242871075e-02
9.073388400079925031e-02
9.201961420200652220e-02
9.112022776036989014e-02
8.913212816752945356e-02
8.726944201505862364e-02
8.465420756341597575e-02
8.390596675698118456e-02
8.496206925636437535e-02
8.807059055950947069e-02
9.110369691127961911e-02
9.380251025341136695e-02
9.418727535072236867e-02
9.357234129595541627e-02
9.351555455924424887e-02
9.353134118184068535e-02
9.019592100734889761e-02
8.384090331956589592e-02
7.986303526235337402e-02
7.622176055121474003e-02
6.502697031709010755e-02
4.955350920833696132e-02
3.399103410045794388e-02
1.631200590690312993e-02
-5.122280923400150503e-03
-2.106482122552002026e-02
-3.331575004273663876e-02
-4.741453460811062559e-02
-5.804628367117457138e-02
-6.565076743282904914e-02
-6.905537811892920042e-02
-6.864334726916236640e-02
-6.797444551743361818e-02
-6.375770330801910912e-02
-5.555501931154990108e-02
-4.846231530215369676e-02
-4.032419859210389229e-02
-3.313052785504452813e-02
-2.771948254157407046e-02
-2.530106216907292496e-02
-2.954585946207308883e-02
-3.889938824582207105e-02
-4.938928322869808735e-02
-6.315975114870231444e-02
-8.085869754951023614e-02
-9.736261917208635652e-02
-1.091648560914036392e-01
-1.175561000186282068e-01
-1.194663941143862540e-01
-1.186175925220121774e-01
-1.186214715207073167e-01
-1.173871380522104185e-01
-1.102837667964026297e-01
-1.011621886032312012e-01
-9.260308777317058371e-02
-8.371880506994150428e-02
-7.206099319506356626e-02
-6.212911021633536757e-02
-5.999532264924786057e-02
-6.126037237485380815e-02
-6.139113071458823789e-02
-6.107851048254292481e-02
-6.112257771190496292e-02
-5.910292742618964562e-02
-5.144125098610009827e-02
-4.012749727455237198e-02
-2.646721998027123240e-02
-1.433089302217749848e-02
-3.336989815824239602e-03
7.997207571985871094e-03
1.601421156870766471e-02
1.696157581164664876e-02
1.546605718275541504e-02
1.118488976652487303e-02
1.394696010540051427e-03
-1.082137346322866941e-02
-2.036054841824807421e-02
-2.447330188938809728e-02
-2.887156770634356079e-02
-3.061898896154243224e-02
-2.647547412865736485e-02
-1.822325171048055567e-02
-9.337787265788538918e-03
-1.372053032226811312e-03
4.373600346764441003e-03
8.889246468419764735e-03
1.042470525247996514e-02
9.876535079905116032e-03
7.531057924726677032e-03
4.588025531028155392e-03
4.121206079924512843e-03
3.683912123539793537e-03
7.000751443235589443e-04
-2.640765930844669786e-03
-5.362494683291032897e-03
-6.735044543083271856e-03
-1.340337707430582642e-02
-2.353293788595473002e-02
-2.813886544700723580e-02
-2.954094305675020182e-02
-2.732041927465430481e-02
-2.120339168820788850e-02
-1.136593752015613475e-02
2.947905949617219399e-04
8.461343297248121592e-03
1.141093616025135905e-02
1.309824646706662411e-02
1.339235350126992061e-02
1.309367285697725890e-02
1.292780055812476486e-02
1.291770839582204872e-02
1.292345021598355001e-02
1.291110282188134145e-02
1.283197124850083380e-02
1.254976507250344687e-02
1.256895032942170753e-02
1.632187931172129555e-02
2.195650830579319243e-02
2.338880602164932279e-02
2.597799254600785535e-02
3.065809468094559190e-02
3.503613106865963167e-02
4.070249117415034729e-02
4.404059507448353922e-02
4.307025904043494668e-02
3.988431562961335802e-02
3.523233623521525998e-02
2.760173688932269359e-02
1.687021862668110564e-02
7.548240535806991988e-03
9.489616236225608282e-04
-6.279365937069110101e-03
-1.071445066838304719e-02
-1.289730982419566054e-02
-1.112461193098810211e-02
-5.756143138660220482e-03
-2.358990504120985019e-03
-1.187614988631376448e-04
9.879137617401728775e-04
4.063239856982219845e-04
-4.430199899236243744e-03
-9.535167408111708265e-03
-9.787164754154925247e-03
-7.783456702030205031e-03
-1.766201021439586663e-03
1.098604597876383544e-02
2.610480423009318290e-02
4.045881337821545520e-02
5.367402067686722483e-02
6.365887905056545615e-02
7.105678357938663425e-02
7.737016968815105256e-02
8.080845098501758528e-02
8.256676500980800193e-02
8.170702554320639910e-02
7.680171596077159379e-02
6.864930108111301499e-02
5.777279171085041715e-02
4.554039187809840600e-02
3.050013824570931009e-02
1.386579656816866457e-02
7.457453924486719989e-04
-1.001884697214833718e-02
-2.163574894218352543e-02
-3.630774351880209500e-02
-5.302701722591153521e-02
-6.655743827317803230e-02
-7.600363453156805393e-02
-8.390474893180945026e-02
-9.004130231517586125e-02
-9.280630671062262138e-02
-9.145449821769030541e-02
-8.826783313269287445e-02
-8.173232924399669030e-02
-6.868513671440691637e-02
-5.403995458865248208e-02
-4.288163145272560345e-02
-3.140913197481176589e-02
-1.810444384405162505e-02
-8.214787825537072166e-03
-2.951990174406095725e-03
-2.262886056217515863e-03
-1.828074884520855818e-04
3.041049278167957948e-03
6.136449642703625980e-03
7.030184473450734432e-03
8.358146145335256308e-03
1.089679066983541798e-02
1.136335753497751816e-02
1.090992288460384922e-02
1.076448298585473522e-02
1.058470718295838504e-02
1.047425720557836060e-02
1.097763170891993822e-02
1.383287018389611073e-02
1.796392937155259772e-02
2.356288736425195957e-02
2.758534135414040037e-02
3.462811453149589047e-02
4.635229787823281350e-02
5.828644330550226960e-02
7.037214030969744794e-02
8.425521195345020420e-02
9.689558321872995816e-02
1.101485882023412050e-01
1.240200905069625686e-01
1.356427207657684708e-01
1.466084471060188910e-01
1.562794223178640973e-01
1.625389760435747011e-01
1.669210944008457931e-01
1.639487890983899188e-01
1.546590608222484786e-01
1.418153353056087196e-01
1.228336807142048487e-01
1.038759541321935681e-01
8.953477725301040024e-02
7.833446170097702055e-02
6.701200279468325083e-02
5.545479681038056191e-02
4.558046734717534354e-02
3.719693631270502843e-02
2.902066108060784647e-02
2.213587140127023373e-02
1.288220653683447639e-02
9.415637867506935349e-04
-1.080989658860106485e-02
-2.014313279661823428e-02
-2.850405513229866197e-02
-3.695077776179069018e-02
-4.466822608428162172e-02
-5.007997051960991902e-02
-5.560646114889625929e-02
-5.941915602911413546e-02
-6.142094487897750005e-02
-6.059983753310116406e-02
-5.735162717229564527e-02
-5.604905038954619001e-02
-5.655568821330162615e-02
-5.719457282977916113e-02
-5.983443441267223550e-02
-6.304543344878617284e-02
-6.864203923471866309e-02
-7.777814112067879537e-02
-8.705977311466003843e-02
-9.778024299671592146e-02
-1.089788445725816957e-01
-1.158044840322822872e-01
-1.192591834166491088e-01
-1.228092114491803749e-01
-1.174166590364657398e-01
-1.041467849189943173e-01
-8.473487720488374897e-02
-5.930565021264580516e-02
-3.626387926030200798e-02
-1.887716970213349291e-02
-6.914890258165404778e-03
-1.169408051267733367e-03
-3.169026917093619171e-04
-4.502405655760515456e-03
-1.198889568966567121e-02
-1.918116818300935611e-02
-2.116730346895244821e-02
-2.505587336783236460e-02
-2.859232490493070211e-02
-2.316583125363374032e-02
-1.749825783343489372e-02
-1.188155793216894192e-02
-5.496367498140561185e-03
1.348436921392091262e-03
1.143816582899840131e-02
1.950182606118804410e-02
2.461549425434594526e-02
2.821437060765416560e-02
3.282528223098354209e-02
3.753873924423573732e-02
3.804246781896983981e-02
3.836237244972749705e-02
4.128368696119693454e-02
4.245575347970990260e-02
4.194625151156911036e-02
4.124013843514877375e-02
3.838596217435016889e-02
3.634854066205486095e-02
3.652537338745288215e-02
3.673571885739131820e-02
3.649420608398392524e-02
3.638410566753282754e-02
3.532683044761389390e-02
3.205859362842890942e-02
2.900500977191938431e-02
2.663070173341626490e-02
2.570752259629501685e-02
2.221162238218330615e-02
1.921044334699853473e-02
2.389343668910321600e-02
2.719753169390009065e-02
2.897321100354657841e-02
3.340248625774502877e-02
3.590347066642550489e-02
3.777991373287320487e-02
4.025609059175928872e-02
3.622290169850528319e-02
2.915489247731349598e-02
2.408587561855370096e-02
2.030031117688369316e-02
1.590331731066314119e-02
1.119714244089150233e-02
5.534032124423844852e-03
1.220303220425905015e-03
-3.132147111476558943e-03
-4.968724445404671362e-03
-4.584640428097121190e-03
-4.446947250579255835e-03
-5.447661256966974952e-03
-1.083974232623551720e-02
-1.548031024772819099e-02
-1.776345956166412721e-02
-2.312302695407942102e-02
-2.563246848200798761e-02
-2.494166842950618773e-02
-2.326627927798302978e-02
-1.769527037297474736e-02
-1.444752233468812527e-02
-1.513144618543327616e-02
-1.327198275920393918e-02
-7.728988343608920834e-03
-4.961031849736611231e-03
-4.517714169215454080e-03
-7.244763013476814483e-04
3.957273280419581520e-03
8.964819286020674766e-03
1.451550178682015427e-02
2.068812985805119908e-02
2.362506410496389986e-02
2.620913125313759084e-02
3.165197533498085442e-02
3.281975691307479487e-02
2.909977461213395650e-02
2.649405723868516332e-02
2.548353297396966505e-02
2.461998216562693090e-02
2.637915317850114336e-02
2.728873326787147058e-02
2.678347113551372144e-02
2.535902162631981788e-02
2.099408362489721749e-02
1.451529205026280168e-02
6.607851724823831686e-03
1.083803511576330306e-04
-5.774369922063699381e-03
-9.972950749796915051e-03
-1.605753682680767166e-02
-2.272443728583754818e-02
-2.675372462807844645e-02
-3.187046219171545125e-02
-3.908170118449284802e-02
-4.658986399599110428e-02
-5.230613238120453840e-02
-5.982667641528199159e-02
-6.593332542498715754e-02
-6.842975426543265738e-02
-7.228013406902000781e-02
-7.685433051865370180e-02
-7.779074786643794259e-02
-7.682950041654131035e-02
-7.474922950005569167e-02
-7.570553799231145853e-02
-7.765369742998294578e-02
-7.948151769883363138e-02
-8.431930564119172189e-02
-8.795183005294833489e-02
-8.920986600765785923e-02
-9.447125413891416246e-02
-9.809175816517948232e-02
-9.771608165202043395e-02
-9.721086462429867625e-02
-9.782794114927514939e-02
-1.014007244706632699e-01
-1.066499569025203126e-01
-1.085109065265055101e-01
-1.096165339162055025e-01
-1.122602293931577178e-01
-1.133987380624942726e-01
-1.144331226796483775e-01
-1.109747698197663807e-01
-1.061869578140849923e-01
-9.988847878751520859e-02
-9.323033539356274935e-02
-8.640286919610458416e-02
-7.304585292190088341e-02
-5.792648575798566013e-02
-4.356304974094152294e-02
-3.006093185275861973e-02
-1.400394530251002773e-02
2.677596121362142093e-03
1.337001543029597145e-02
2.124861585148306309e-02
2.945892027620274772e-02
3.656283278764241307e-02
4.160938753767928766e-02
4.631258324624380057e-02
4.720975956071692820e-02
4.651374992275830733e-02
4.646954737948830877e-02
4.648564973453666455e-02
4.619089093834331111e-02
4.608893190868836726e-02
4.614217793147432772e-02
4.615022910899850561e-02
4.602107198384171316e-02
4.573673235856200864e-02
4.564027609449781975e-02
4.639115552213803062e-02
5.158973544777852721e-02
5.595196266057814172e-02
5.771663643904310914e-02
6.307718711252298383e-02
6.946330444682095873e-02
7.484309224755048007e-02
7.843238386571085852e-02
8.322781855487451641e-02
8.919946938906221645e-02
9.612751892477763849e-02
1.028045386088918267e-01
1.041923406013440384e-01
1.030410222153863575e-01
1.027457221635611345e-01
1.029773795740047543e-01
1.030496372008604111e-01
1.045289339474179124e-01
1.051670743374016198e-01
1.030292724577110131e-01
1.016168207816904034e-01
9.809730603540622873e-02
9.318342657213335434e-02
8.872447246745361615e-02
8.290971810955645449e-02
7.684551256231769711e-02
7.142860364616857027e-02
6.351526588957392971e-02
5.288870385964880572e-02
4.407221342431238975e-02
3.430978856299787133e-02
2.487910829938833404e-02
1.561193008601003025e-02
5.255876344738340776e-03
-2.323197720231278633e-03
-9.105482603818467260e-03
-1.975253792510555523e-02
-3.158350649754833317e-02
-4.044216976753521597e-02
-4.872552340547218336e-02
-5.475332951146717059e-02
-5.866820894451994090e-02
-6.372937759661750912e-02
-6.515414283826334585e-02
-6.451106349063875922e-02
-6.357701413624396169e-02
-5.830714633342158615e-02
-4.900257863203952985e-02
-3.982773186376414865e-02
-2.912713057386177515e-02
-1.595674149676126058e-02
-5.938904868459095494e-03
-6.874417868291756058e-04
2.581590903657850732e-03
1.408745202558154370e-03
-2.235175121004462362e-03
-5.978545077798731906e-03
-1.148770199547420080e-02
-1.869113112052996073e-02
-2.589172992967736162e-02
-2.760890852644507301e-02
-2.641528199192897525e-02
-2.320890618100400135e-02
-1.823801445784001968e-02
-1.638792828543296151e-02
-1.554979844993407793e-02
-1.295831835483546475e-02
-1.172670244065695741e-02
-9.504033933119746674e-03
-6.521704125315112149e-03
-2.537162837207896683e-03
1.609670794793301163e-03
6.342803352356964942e-03
1.411252343749647489e-02
2.017816782262331354e-02
2.324780892954520645e-02
2.979808458652805428e-02
3.740520696938792744e-02
4.089989161355971070e-02
4.069536464166396278e-02
4.018843363777459265e-02
4.023574840092788985e-02
4.030649502247789229e-02
4.009928432474074711e-02
3.625866967484519393e-02
3.030672956658504030e-02
2.910090222803370444e-02
3.004232619041282901e-02
3.138459505283331535e-02
3.600258810401309184e-02
4.183348992159461460e-02
4.484961437791459837e-02
4.576742606335306579e-02
4.741651921209417975e-02
4.909820046033791519e-02
4.905156226672446190e-02
4.460415494885811016e-02
3.831519300048216725e-02
3.189172902758464351e-02
2.369231511722469027e-02
1.454139410311009947e-02
5.924782606930687964e-03
-6.739006985354976291e-04
-6.533000581398757875e-03
-1.400973448253931865e-02
-1.919945360243962076e-02
-2.171949923028938800e-02
-2.613818166072563384e-02
-3.024665019144662584e-02
-3.277747131683435983e-02
-3.461275640294136230e-02
-3.488929292619483147e-02
-3.339481846962676082e-02
-3.047334609193136715e-02
-2.912559701623811809e-02
-2.475770917162178550e-02
-2.005836990943440229e-02
-1.991011322616772355e-02
-1.804799990257398637e-02
-1.192006150468163592e-02
-9.870592544113460098e-03
-1.017828058421328674e-02
-5.230712468319631547e-03
-8.350487378144187374e-04
-1.003042984267051973e-03
1.585755640221968863e-03
8.135349540631834492e-03
1.426103270672469427e-02
1.813731610276099124e-02
2.008673170454478712e-02
2.546429584672001145e-02
2.638709159443534957e-02
2.060260470251913667e-02
1.590933877956778042e-02
1.088315553837570018e-02
5.256162759176875865e-03
-2.322893263938347226e-03
-9.287579040236493624e-03
-1.292117694232966345e-02
-1.751996669473678339e-02
-2.275842362905586627e-02
-2.606599169082395723e-02
-2.733334175286538520e-02
-3.064163148880931498e-02
-3.656583224593573656e-02
-4.033588069282525307e-02
-4.261558175733976689e-02
-4.575278960897437991e-02
-4.742179645450498443e-02
-4.729642811877132758e-02
-4.905054741241468563e-02
-5.165791110507710754e-02
-5.370099324918913009e-02
-5.952526468528014647e-02
-6.286884879888610111e-02
-6.420099167052686906e-02
-6.880272450043231625e-02
-7.225476271127576067e-02
-7.211444218871147782e-02
-7.025069607729490795e-02
-6.394306080961918715e-02
-5.485048489738920952e-02
-4.825972782960550461e-02
-4.094517666809347617e-02
-3.307800350643440301e-02
-2.847286527651171281e-02
-2.776370763716207168e-02
-2.626318915937136608e-02
-2.352766064354392186e-02
-2.177016075743313031e-02
-1.557851882690058400e-02
-7.806078932210889360e-03
-3.999590449905211960e-03
-1.862272542958782855e-03
3.753068806671155683e-03
1.217377959258786335e-02
1.795185035003452750e-02
2.324271210567835713e-02
2.889161671704102569e-02
3.656143454392672687e-02
4.359778031065366516e-02
5.237525523585890436e-02
6.269095611454232608e-02
6.969142114333937155e-02
7.298358597191695329e-02
7.547996970772646863e-02
7.788337023644301138e-02
7.814048921390286118e-02
7.762676996229703197e-02
7.748714856159061304e-02
7.552739723246974790e-02
7.020516294726321382e-02
6.451751345358529288e-02
6.078384189562155426e-02
5.504840404011245025e-02
4.891282040641983103e-02
3.875088123182564986e-02
2.407996691123903688e-02
9.730143473336620025e-03
-1.732179722128379369e-03
-1.404673156020995288e-02
-2.853129833243650201e-02
-4.056345613371178938e-02
-4.620370065496441636e-02
-4.960456765627741654e-02
-5.513811716109616456e-02
-6.127259573120703851e-02
-6.523424867178122255e-02
-7.014835365823404723e-02
-7.542417527300708524e-02
-7.958830292453948629e-02
-8.364320970002259159e-02
-8.648698934222555368e-02
-8.901544247422382705e-02
-8.961711576600976670e-02
-8.851538992732289890e-02
-8.537306269950345472e-02
-8.222721731007677504e-02
-7.766368810685468638e-02
-7.131466933565831778e-02
-6.202388110057115850e-02
-5.059941805998645348e-02
-4.053093569116313771e-02
-3.405643582264315794e-02
-2.697065537487139397e-02
-1.806763395062034594e-02
-9.778500153581285576e-03
-6.285349067033156774e-03
-4.289471179716264869e-03
1.149678606916254564e-03
3.237234147637396524e-03
2.404115437196981380e-03
2.158831690697664805e-03
2.406018852835750590e-03
3.869339537325665150e-03
6.852149709503592249e-03
9.970363998922900442e-03
1.274276104420840605e-02
1.659720928596204043e-02
2.088195575505837065e-02
2.535588685411852700e-02
3.095195138441914420e-02
3.501463870961048913e-02
3.930871281742950862e-02
4.228742297819596679e-02
4.635895081204131213e-02
5.027725819742930036e-02
5.074772210312092358e-02
4.949320431001859311e-02
4.645919586552865049e-02
4.346515012852565640e-02
4.054361009387627557e-02
3.766532540514111460e-02
3.517514355678019733e-02
3.479346812703450198e-02
3.505577413763318745e-02
3.374210161443023243e-02
3.043315786126445446e-02
2.513746765433791386e-02
1.913091710805311929e-02
1.306509455961411999e-02
7.622496298037000767e-03
3.530346624617117972e-04
-6.547799412467011047e-03
-9.981089881361274174e-03
-1.295711631628633682e-02
-1.775494831685284908e-02
-2.092176961724656961e-02
-2.344227756761523354e-02
-2.459328022112096737e-02
-2.634854968298206562e-02
-2.602350312372156416e-02
-2.410039931134241864e-02
-2.386407357107385441e-02
-2.431033883955694558e-02
-2.441825168116254149e-02
-2.386084858960058411e-02
-2.101438747678802815e-02
-1.785628941299473652e-02
-1.510119901653851626e-02
-1.430743635623100106e-02
-1.249457278467452741e-02
-9.471324051099945171e-03
-5.385141721021512000e-03
-7.946624977955108826e-04
3.548941010803913221e-03
9.212973717077563296e-03
1.511624817833651449e-02
2.052459172411117555e-02
2.650738565862014937e-02
2.939608951826895578e-02
3.204921186414302903e-02
3.751783324545446968e-02
3.909216546004248144e-02
3.817712770971738723e-02
3.688882654425870017e-02
3.372367637062839707e-02
3.071167898850147432e-02
2.845038061547079666e-02
2.807538067185159567e-02
2.813496389599411812e-02
2.795634953747450774e-02
2.782223090235883683e-02
2.596581429429060950e-02
2.272333222225579596e-02
1.946007269965228936e-02
1.757053350214494991e-02
1.767614375208326899e-02
1.804191077671535998e-02
2.005081262767430955e-02
2.510183499190597051e-02
2.813600130262188664e-02
2.950104800621722312e-02
3.490208009049793753e-02
3.793606598266989482e-02
3.695197303464441835e-02
3.396789542219517954e-02
3.168458598680148203e-02
3.168882582258451819e-02
3.203757486805766663e-02
3.205214366548236882e-02
3.405052711532849385e-02
3.676242080189728173e-02
3.705891612657623291e-02
3.658858753479259096e-02
3.508132591392140731e-02
3.022845047082474076e-02
2.592885104509697058e-02
2.018436519960831177e-02
1.169701456924846991e-02
2.531308255456420683e-03
-6.147536362229918255e-03
-1.640275643451460930e-02
-2.358834893126820348e-02
-2.878884580393826359e-02
-3.237105599424825592e-02
-3.383089009037616030e-02
-3.809034639007300577e-02
-4.030642736552390859e-02
-3.781565915689512336e-02
-3.614843394448611497e-02
-3.384782688119032656e-02
-3.228984509714862006e-02
-3.228208709975837615e-02
-3.042316718439271386e-02
-2.779160485452175991e-02
-2.774904863046538661e-02
-2.836628302166781593e-02
-2.694647928998086112e-02
-2.374005837441989925e-02
-2.254651302824858122e-02
-2.057237106501517629e-02
-1.833841512232151777e-02
-1.822564676665161879e-02
-1.868674920514355048e-02
-2.054055425478796756e-02
-2.343289580332935315e-02
-2.405473086740274671e-02
-2.359685115515228193e-02
-2.349915451359836996e-02
-2.185956265642851476e-02
-1.706875344768561328e-02
-1.389430946380961797e-02
-1.407770942420774954e-02
-1.452563228806346210e-02
-1.437491740213534160e-02
-1.436447116844010580e-02
-1.453866752786451590e-02
-1.456450120812767361e-02
-1.314462530902313527e-02
-7.174586965572081650e-03
-2.435289506361332408e-03
1.527660643543925310e-03
7.010854881697304967e-03
1.060808491579189917e-02
1.307251878269804178e-02
1.447091585414423537e-02
1.279237614379718710e-02
9.478935458423223825e-03
6.526909200308335032e-03
4.414314046440635103e-03
3.338710557687250488e-03
3.328027524653066329e-04
-1.335532936081769342e-03
-7.364258725604594033e-04
1.938004805447918330e-03
4.302132051038601475e-03
4.253685161521956505e-03
5.234625295491747085e-03
1.009195707662420560e-02
1.424418612518250395e-02
1.732300602552832094e-02
2.174253642312117679e-02
2.371827283523682273e-02
2.469354782692629452e-02
2.739815711478272783e-02
2.832415529165334400e-02
2.776887211798290123e-02
2.757005088253985936e-02
2.770597370309512211e-02
2.765038223923769675e-02
2.579719061264273972e-02
2.259340831828717672e-02
1.879663311934190451e-02
1.387991882969707123e-02
1.082136218706967329e-02
6.770422364321872048e-03
2.598962954209322468e-03
-5.392067537877745769e-04
-2.400931049896101385e-03
-2.375207875991118024e-03
-2.101003713464681157e-03
-2.234314975596136694e-03
-2.662330457311393693e-03
-5.116884153703970053e-03
-8.148932801760162825e-03
-1.118507469553243171e-02
-1.399676915492405020e-02
-1.692560486444478346e-02
-1.760740203160301304e-02
-1.717701133975653438e-02
-1.712066662847807480e-02
-1.727519511137913175e-02
-1.588446808328300430e-02
-1.296148244505014938e-02
-1.222046063560550816e-02
-1.199920435422113969e-02
-9.095805404166854707e-03
-5.992292970848422246e-03
-1.664665524316585876e-03
2.225707432387023267e-03
5.526064390476246625e-03
9.959166773038432077e-03
1.284590858102168352e-02
1.549023552287774781e-02
1.839299173186917727e-02
2.063597536745619132e-02
1.777537395126083108e-02
1.204879464626012683e-02
1.005440972239449691e-02
7.583198883930887015e-03
1.709419922807925993e-03
-2.292831024051144705e-03
-4.022846400221553875e-03
-4.197464487992469059e-03
-4.029591798533828373e-03
-2.265109714771813311e-03
6.702706774310383938e-04
1.156739286634097912e-03
5.830116996915293576e-04
1.696044819574690299e-03
4.925902103995955308e-03
6.287685487177428062e-03
7.931172129665002915e-03
1.019168793726125608e-02
1.049438514938880879e-02
1.135255722988975924e-02
1.437521058226927557e-02
1.330011677590257728e-02
8.768713349664218615e-03
2.726097136441974714e-03
-2.750205564378523440e-03
-8.348913226348142827e-03
-1.243694710173395661e-02
-1.722077636805743883e-02
-2.016741487740334252e-02
-1.999515350686289702e-02
-1.956267221513828883e-02
-1.960225378845113775e-02
-1.787673308925711094e-02
-1.772755401618444221e-02
-1.986385165626478391e-02
-2.136411754809394367e-02
-2.394030040589661956e-02
-2.520814661893393260e-02
-2.532172009235625354e-02
-2.790274267760062959e-02
-3.015736556450481290e-02
-3.007369646474373354e-02
-2.983364959200601393e-02
-2.971046883111786580e-02
-2.670210237218811899e-02
-2.076498139208242041e-02
-1.471706087366777757e-02
-7.948433673858300297e-03
-1.215314647685432955e-03
2.638280665401631590e-03
6.956882674271909310e-03
9.094867227738268750e-03
7.297993249640178336e-03
3.851581842136480097e-03
9.092670631965564477e-04
-1.279875168409434598e-03
-1.551285549782663309e-03
-1.526960619593363544e-03
-3.191863394295255812e-03
-6.304383223420852340e-03
-7.066850032046843866e-03
-5.903599214638077970e-03
-3.005495548848997455e-03
-1.393323250943701713e-03
2.555680545513509751e-04
5.098458909902136432e-03
8.349531159861204449e-03
8.018102294608146080e-03
7.455047592156664217e-03
7.623847181884895602e-03
7.732242643095584879e-03
8.014252613926417870e-03
1.042443913512762672e-02
1.338349269552972440e-02
1.647132224691450625e-02
2.088272027863840100e-02
2.665318639445718105e-02
3.057255373879093352e-02
3.412528804948158911e-02
3.430557127953282742e-02
3.538431630618289747e-02
3.858967726279809857e-02
4.123210980994259506e-02
4.123849211593514502e-02
4.080557781970504255e-02
4.084084964504906823e-02
3.917978121545266645e-02
3.386681593294203763e-02
2.790973389617905365e-02
2.423693104448354507e-02
1.833666280721331365e-02
1.210666840469864017e-02
7.804678433263405844e-03
1.322705177606269943e-03
-3.916025090806908061e-03
-4.840956543036362830e-03
-5.833871957861444697e-03
-4.453004803192685962e-03
-3.045552976071539113e-03
-4.582572380536988239e-04
5.192468247463878812e-03
1.040877203981656861e-02
1.156804011786743275e-02
1.082969752380058721e-02
1.071910772204899380e-02
1.090751204181019361e-02
1.090663475664019159e-02
1.074203891898621067e-02
8.886673248936544436e-03
3.598520026683902501e-03
-2.166388521411396258e-03
-5.165563332095963328e-03
-7.826301595756916807e-03
-1.082009700203015977e-02
-1.540613341861116377e-02
-1.939329303083758838e-02
-2.211451661136086544e-02
-2.462911585441486528e-02
-2.772284283695531162e-02
-2.932520758281098247e-02
-2.905789495761742711e-02
-2.882544821604399177e-02
-2.930432413634770708e-02
-3.265956779835701984e-02
-3.794373377078816278e-02
-3.972045048706240866e-02
-3.755069197277303289e-02
-3.427711025422326002e-02
-3.375919627147037222e-02
-3.388749640854336193e-02
-3.035521705027407688e-02
-2.526644436095075094e-02
-2.385110598822678604e-02
-2.264766919538290998e-02
-1.793576603684056414e-02
-1.413510958396836832e-02
-1.161732820884528970e-02
-1.016110022836477084e-02
-1.026259242503722163e-02
-1.060749855552403295e-02
-1.035747904776896690e-02
-7.870727406975070936e-03
-5.364984459197670065e-03
-5.303342208422208263e-03
-4.429031689164107666e-03
2.540241228614200319e-04
6.344670684286943252e-03
1.174206959013868352e-02
1.402162180935443044e-02
1.439472961349386355e-02
1.575556128885595084e-02
1.592153507313942215e-02
1.534669001884020681e-02
1.320135792017110808e-02
8.110941166865953331e-03
4.975239810073399209e-03
4.380850916999801982e-03
1.594076994515727192e-03
-5.405089246288000485e-04
-1.771613352235182869e-03
2.257656173674498843e-05
4.485320019647578808e-03
5.207429455221695806e-03
4.276731375280944970e-03
4.127126063398173922e-03
4.583142954182260233e-03
8.660847867926408858e-03
1.363919087695590615e-02
1.476042672594017266e-02
1.691154800463855884e-02
1.992162618450412162e-02
2.282806518702411649e-02
2.572849625203027166e-02
3.040968089823176471e-02
3.364487857155422368e-02
3.503132742492671287e-02
3.306582525471715717e-02
3.145001932733652167e-02
3.166737856817137403e-02
3.093724727308646769e-02
2.708046261118856463e-02
2.077539379730066957e-02
1.613696609078570793e-02
1.348129533297821002e-02
8.606645626857464815e-03
2.687979208566994033e-03
1.666080231224405955e-04
-1.730850714028940064e-03
-7.586207363151406709e-03
-1.058463050507720341e-02
-1.455735663378688975e-02
-1.974242546571663981e-02
-2.130403817295553268e-02
-2.454894236394299448e-02
-2.926244448183117422e-02
-3.031820869644444652e-02
-2.966087628384708394e-02
-2.904659624630198320e-02
-2.635161679822936934e-02
-2.447037008804876096e-02
-2.304208668479571995e-02
-1.675244140118453684e-02
-1.012604941573709734e-02
-6.767625876890504856e-03
-2.879854330067607195e-03
-1.061898219584703424e-03
-4.844404792457782517e-05
4.409379599263351344e-03
7.477827688563313396e-03
4.812159488188674263e-03
1.946583932736358413e-03
7.924765016122652540e-04
-1.849935071876492639e-03
-3.143673601203752187e-03
-3.670831779102751765e-03
-8.785388533589648039e-03
-1.387843939763660703e-02
-1.671568563331644885e-02
-1.918850896251669477e-02
-2.167968536810118904e-02
-2.247859446737513964e-02
-2.469544222163786579e-02
-2.528665123787418242e-02
-2.227923648676381763e-02
-1.907033256099161314e-02
-1.645279777291349180e-02
-1.288703949858078200e-02
-7.385735298031138006e-03
-3.219363690858237197e-03
-1.001281873754830123e-03
3.368896835323425144e-03
8.521652706030082708e-03
1.126590671368975227e-02
1.540492010390303972e-02
2.059284631452274611e-02
2.136918730917919743e-02
2.192063884402230267e-02
2.204559447233664718e-02
2.068409524836191046e-02
1.747472448960721292e-02
1.450069844528830212e-02
1.163175718189842812e-02
6.482641255316144886e-03
2.346855101807928962e-03
1.314551387035213731e-04
-4.795533919362834387e-03
-8.873610946353898549e-03
-1.282486050263704179e-02
-1.479831010970800685e-02
-1.440940666204494451e-02
-1.288595698731702724e-02
-1.039464752305636203e-02
-7.786214850520980536e-03
-5.826059834908011402e-03
-5.761521866502005047e-03
-7.106057236880978199e-03
-9.742975742275719261e-03
-1.211386033890721366e-02
-1.387821387445665675e-02
-1.338204709194625204e-02
-1.071325314029751910e-02
-8.107558319166718180e-03
-5.499033182127559087e-03
-1.394074243132931894e-03
2.798923081711107534e-03
5.998844419225940992e-03
1.000625601301178419e-02
1.316637701972921820e-02
1.475027141714706745e-02
1.414063264664531909e-02
1.009834163784856242e-02
7.132014954893108050e-03
3.911327442968570711e-03
-6.508540337301488548e-04
-3.637991093638577502e-03
-5.923158840035055821e-03
-9.411138680066953588e-03
-1.088446357281940523e-02
-9.271294011412375621e-03
-6.543178442509856203e-03
-4.253989617814888345e-03
-1.982362283142548136e-03
2.216119539914671033e-03
5.467342664881124151e-03
7.234377671040162841e-03
8.855102258975483531e-03
1.040493589052563644e-02
1.026706680492740949e-02
9.637954107837066325e-03
8.489292384939201019e-03
6.411919441315936351e-03
5.259933506745624252e-03
1.806975612374366437e-03
-1.526037327694652499e-03
-2.269500651085420637e-03
-3.663136928202891281e-03
-4.624846700618428889e-03
-5.931550557560958184e-03
-7.401763230430112930e-03
-7.393371512904210567e-03
-7.013243172172964855e-03
-7.163556626840776077e-03
-9.638860711020460353e-03
-1.113465673342303210e-02
-9.788628399592795223e-03
-8.383553586788310835e-03
-6.643137081558653408e-03
-6.857900550592291485e-03
-7.625065007056619493e-03
-9.260676380100377192e-03
-1.117274083282102093e-02
-1.101201046247136418e-02
-1.033293761532691653e-02
-1.001397341622963996e-02
-9.568001327880482770e-03
-7.879170994832361899e-03
-5.470829253243135633e-03
-1.236420685527320467e-03
2.877847173766060786e-03
4.855992173443562411e-03
7.293906769619501115e-03
1.130028772247297988e-02
1.436737590699784829e-02
1.674838198394545605e-02
1.989863409630832081e-02
2.287258346274605170e-02
2.385342887698026215e-02
2.396995670405991166e-02
2.339812012898121601e-02
2.257288570891181900e-02
2.183462881365335478e-02
2.112586358463681979e-02
2.043282183172633049e-02
1.970850001375691260e-02
1.897051825677798648e-02
1.823417154285368949e-02
1.753311244089601068e-02
1.692977929850563931e-02
1.799840961053500096e-02
1.924188578874702626e-02
1.714900587127046391e-02
1.392135194831730337e-02
1.203197061703593050e-02
1.032260188798985248e-02
7.480969226460002300e-03
3.865934137308434711e-03
1.115990179818652454e-03
-1.158259763913314358e-03
-3.473627544859943586e-03
-5.671217874786823807e-03
-7.564947292977614209e-03
-8.265616239833977266e-03
-8.014875057903075861e-03
-7.793506014928732253e-03
-7.718079787394787478e-03
-7.457938799323610667e-03
-6.412422358007222913e-03
-4.514599694100359002e-03
-2.960997570213258923e-03
-1.937017013919741524e-03
-3.471372313060453558e-04
1.153128886046294503e-03
2.818570661148264885e-03
3.454460329796077075e-03
3.646055802553553604e-03
3.252328414071383161e-03
2.013868096904603954e-03
6.976214521257137610e-04
-1.511670147992821237e-03
-4.533266247704738003e-03
-6.851682876521097455e-03
-7.887150004938957987e-03
-9.597711751606964256e-03
-1.134154042254925145e-02
-1.211561941971081580e-02
-1.262068309167021021e-02
-1.316820150225500585e-02
-1.364123186173444441e-02
-1.392358462779879832e-02
-1.367381319554167654e-02
-1.300925050979514705e-02
-1.284045317529871645e-02
-1.283829040800300685e-02
-1.222416147098847120e-02
-1.193143463864646328e-02
-1.177073358631020202e-02
-1.059990519005515018e-02
-9.234862996923413545e-03
-7.951509810032803688e-03
-6.780178497086465292e-03
-5.777703154663345851e-03
-4.593992874369606100e-03
-3.379252859746683258e-03
-2.299819987397764935e-03
-1.362975949757043838e-03
-3.364000727086731662e-04
5.140807652632960753e-04
8.692387284642276750e-04
1.516765167674229099e-03
2.311540427059714364e-03
2.721442338007827155e-03
2.936508008102596719e-03
3.418324750672848463e-03
3.764263777323824563e-03
3.734959295321250896e-03
3.783000243113988047e-03
3.797048081993011689e-03
3.776890820169169320e-03
3.765120765407630778e-03
3.537739274455846319e-03
3.300662541998054290e-03
3.205778174498108944e-03
3.129425046694574337e-03
2.957287713903097946e-03
2.838876768270872861e-03
2.743144433614320109e-03
2.618637596428073644e-03
2.541413949149935476e-03
2.432355449790195735e-03
2.284477645465833595e-03
2.158880629227713944e-03
2.078930181180812208e-03
2.048606334404868938e-03
2.020706636290197766e-03
1.991894020343092792e-03
1.994556547005570807e-03
1.994572784674527189e-03
1.960194933215820765e-03
1.947405513680912619e-03
1.911612955314386224e-03
1.844350666894595345e-03
1.777616102715885368e-03
1.717194383390307794e-03
1.655769085913957449e-03
1.594730560691219514e-03
1.548049743196754915e-03
1.507472259521250345e-03
1.447735905139537881e-03
1.397953692874414483e-03
1.356266635153561108e-03
1.296929907846718208e-03
1.231710633914085513e-03
1.165162126358833521e-03
1.089843473381724506e-03
1.016269242201521192e-03
9.478385181864146768e-04
8.765551514681333908e-04
8.061580908470515226e-04
7.386815554063093066e-04
6.732281884128895645e-04
6.094209151099176961e-04
5.463849310823714863e-04
4.853488866146129198e-04
4.282996409219928737e-04
3.714657698662241240e-04
3.173514828374605023e-04
2.660551079421596184e-04
2.140595209797448639e-04
1.633338099389869348e-04
1.151922562556747246e-04
6.801226575471106916e-05
2.106387853862783427e-05
-2.481474398383088826e-05
-6.947106244421120535e-05
-1.130510489759669034e-04
-1.555880359050944241e-04
-1.970419026578808816e-04
-2.376064864074923968e-04
-2.773030765421161895e-04
-3.160263086320801379e-04
-3.538048241212376046e-04
-3.907089862417328940e-04
-4.267257146491287519e-04
-4.618459884162273992e-04
-4.960901046292240423e-04
-5.294754285729750230e-04
-5.620112066978581126e-04
-5.937028515601919243e-04
