0.000000 0.578000
0.010000 0.661633
0.020000 0.745265
0.030000 0.828898
0.040000 0.912530
0.050000 0.996163
0.060000 1.079795
0.070000 1.163428
0.080000 1.247060
0.090000 1.330693
0.100000 1.414325
0.110000 1.445000
0.120000 1.445000
0.130000 1.445000
0.140000 1.445000
0.150000 1.445000
0.160000 1.445000
0.170000 1.445000
0.180000 1.445000
0.190000 1.445000
0.200000 1.445000
0.210000 1.445000
0.220000 1.445000
0.230000 1.445000
0.240000 1.445000
0.250000 1.445000
0.260000 1.445000
0.270000 1.445000
0.280000 1.445000
0.290000 1.445000
0.300000 1.445000
0.310000 1.445000
0.320000 1.445000
0.330000 1.445000
0.340000 1.445000
0.350000 1.445000
0.360000 1.445000
0.370000 1.445000
0.380000 1.445000
0.390000 1.445000
0.400000 1.445000
0.410000 1.445000
0.420000 1.445000
0.430000 1.445000
0.440000 1.445000
0.450000 1.445000
0.460000 1.445000
0.470000 1.445000
0.480000 1.445000
0.490000 1.445000
0.500000 1.445000
0.510000 1.445000
0.520000 1.440385
0.530000 1.413208
0.540000 1.387037
0.550000 1.361818
0.560000 1.337500
0.570000 1.314035
0.580000 1.291379
0.590000 1.269492
0.600000 1.248333
0.610000 1.227869
0.620000 1.208065
0.630000 1.188889
0.640000 1.170312
0.650000 1.152308
0.660000 1.134848
0.670000 1.117910
0.680000 1.101471
0.690000 1.085507
0.700000 1.070000
0.710000 1.054930
0.720000 1.040278
0.730000 1.026027
0.740000 1.012162
0.750000 0.998667
0.760000 0.985526
0.770000 0.972727
0.780000 0.960256
0.790000 0.948101
0.800000 0.936250
0.810000 0.924691
0.820000 0.913415
0.830000 0.902410
0.840000 0.891667
0.850000 0.881176
0.860000 0.870930
0.870000 0.860920
0.880000 0.851136
0.890000 0.841573
0.900000 0.832222
0.910000 0.823077
0.920000 0.814130
0.930000 0.805376
0.940000 0.796809
0.950000 0.788421
0.960000 0.780208
0.970000 0.772165
0.980000 0.764286
0.990000 0.756566
1.000000 0.749000
1.010000 0.741584
1.020000 0.734314
1.030000 0.727184
1.040000 0.720192
1.050000 0.713333
1.060000 0.706604
1.070000 0.700000
1.080000 0.693519
1.090000 0.687156
1.100000 0.680909
1.110000 0.674775
1.120000 0.668750
1.130000 0.662832
1.140000 0.657018
1.150000 0.651304
1.160000 0.645690
1.170000 0.640171
1.180000 0.634746
1.190000 0.629412
1.200000 0.624167
1.210000 0.619008
1.220000 0.613934
1.230000 0.608943
1.240000 0.604032
1.250000 0.599200
1.260000 0.594444
1.270000 0.589764
1.280000 0.585156
1.290000 0.580620
1.300000 0.576154
1.310000 0.571756
1.320000 0.567424
1.330000 0.563158
1.340000 0.558955
1.350000 0.554815
1.360000 0.550735
1.370000 0.546715
1.380000 0.542754
1.390000 0.538849
1.400000 0.535000
1.410000 0.531206
1.420000 0.527465
1.430000 0.523776
1.440000 0.520139
1.450000 0.516552
1.460000 0.513014
1.470000 0.509524
1.480000 0.506081
1.490000 0.502685
1.500000 0.499333
1.510000 0.496026
1.520000 0.492763
1.530000 0.489542
1.540000 0.486364
1.550000 0.483226
1.560000 0.480128
1.570000 0.477070
1.580000 0.474051
1.590000 0.471069
1.600000 0.468125
1.610000 0.465217
1.620000 0.462346
1.630000 0.459509
1.640000 0.456707
1.650000 0.453939
1.660000 0.451205
1.670000 0.448503
1.680000 0.445833
1.690000 0.443195
1.700000 0.440588
1.710000 0.438012
1.720000 0.435465
1.730000 0.432948
1.740000 0.430460
1.750000 0.428000
1.760000 0.425568
1.770000 0.423164
1.780000 0.420787
1.790000 0.418436
1.800000 0.416111
1.810000 0.413812
1.820000 0.411538
1.830000 0.409290
1.840000 0.407065
1.850000 0.404865
1.860000 0.402688
1.870000 0.400535
1.880000 0.398404
1.890000 0.396296
1.900000 0.394211
1.910000 0.392147
1.920000 0.390104
1.930000 0.388083
1.940000 0.386082
1.950000 0.384103
1.960000 0.382143
1.970000 0.380203
1.980000 0.378283
1.990000 0.376382
2.000000 0.374500
2.010000 0.372637
2.020000 0.370792
2.030000 0.368966
2.040000 0.367157
2.050000 0.365366
2.060000 0.363592
2.070000 0.361836
2.080000 0.360096
2.090000 0.358373
2.100000 0.356667
2.110000 0.354976
2.120000 0.353302
2.130000 0.351643
2.140000 0.350000
2.150000 0.348372
2.160000 0.346759
2.170000 0.345161
2.180000 0.343578
2.190000 0.342009
2.200000 0.340455
2.210000 0.338914
2.220000 0.337387
2.230000 0.335874
2.240000 0.334375
2.250000 0.332889
2.260000 0.331416
2.270000 0.329956
2.280000 0.328509
2.290000 0.327074
2.300000 0.325652
2.310000 0.324242
2.320000 0.322845
2.330000 0.321459
2.340000 0.320085
2.350000 0.318723
2.360000 0.317373
2.370000 0.316034
2.380000 0.314706
2.390000 0.313389
2.400000 0.312083
2.410000 0.310788
2.420000 0.309504
2.430000 0.308230
2.440000 0.306967
2.450000 0.305714
2.460000 0.304472
2.470000 0.303239
2.480000 0.302016
2.490000 0.300803
2.500000 0.299600
2.510000 0.298406
2.520000 0.297222
2.530000 0.296047
2.540000 0.294882
2.550000 0.293725
2.560000 0.292578
2.570000 0.291440
2.580000 0.290310
2.590000 0.289189
2.600000 0.288077
2.610000 0.286973
2.620000 0.285878
2.630000 0.284791
2.640000 0.283712
2.650000 0.282642
2.660000 0.281579
2.670000 0.280524
2.680000 0.279478
2.690000 0.278439
2.700000 0.277407
2.710000 0.276384
2.720000 0.275368
2.730000 0.274359
2.740000 0.273358
2.750000 0.272364
2.760000 0.271377
2.770000 0.270397
2.780000 0.269424
2.790000 0.268459
2.800000 0.267500
2.810000 0.266548
2.820000 0.265603
2.830000 0.264664
2.840000 0.263732
2.850000 0.262807
2.860000 0.261888
2.870000 0.260976
2.880000 0.260069
2.890000 0.259170
2.900000 0.258276
2.910000 0.257388
2.920000 0.256507
2.930000 0.255631
2.940000 0.254762
2.950000 0.253898
2.960000 0.253041
2.970000 0.252189
2.980000 0.251342
2.990000 0.250502
3.000000 0.249667
3.010000 0.248837
3.020000 0.248013
3.030000 0.247195
3.040000 0.246382
3.050000 0.245574
3.060000 0.244771
3.070000 0.243974
3.080000 0.243182
3.090000 0.242395
3.100000 0.241613
3.110000 0.240836
3.120000 0.240064
3.130000 0.239297
3.140000 0.238535
3.150000 0.237778
3.160000 0.237025
3.170000 0.236278
3.180000 0.235535
3.190000 0.234796
3.200000 0.234062
3.210000 0.233333
3.220000 0.232609
3.230000 0.231889
3.240000 0.231173
3.250000 0.230462
3.260000 0.229755
3.270000 0.229052
3.280000 0.228354
3.290000 0.227660
3.300000 0.226970
3.310000 0.226284
3.320000 0.225602
3.330000 0.224925
3.340000 0.224251
3.350000 0.223582
3.360000 0.222917
3.370000 0.222255
3.380000 0.221598
3.390000 0.220944
3.400000 0.220294
3.410000 0.219648
3.420000 0.219006
3.430000 0.218367
3.440000 0.217733
3.450000 0.217101
3.460000 0.216474
3.470000 0.215850
3.480000 0.215230
3.490000 0.214613
3.500000 0.214000
3.510000 0.213390
3.520000 0.212784
3.530000 0.212181
3.540000 0.211582
3.550000 0.210986
3.560000 0.210393
3.570000 0.209804
3.580000 0.209218
3.590000 0.208635
3.600000 0.208056
3.610000 0.207479
3.620000 0.206906
3.630000 0.206336
3.640000 0.205769
3.650000 0.205205
3.660000 0.204645
3.670000 0.204087
3.680000 0.203533
3.690000 0.202981
3.700000 0.202432
3.710000 0.201887
3.720000 0.201344
3.730000 0.200804
3.740000 0.200267
3.750000 0.199733
3.760000 0.199202
3.770000 0.198674
3.780000 0.198148
3.790000 0.197625
3.800000 0.197105
3.810000 0.196588
3.820000 0.196073
3.830000 0.195561
3.840000 0.195052
3.850000 0.194545
3.860000 0.194041
3.870000 0.193540
3.880000 0.193041
3.890000 0.192545
3.900000 0.192051
3.910000 0.191560
3.920000 0.191071
3.930000 0.190585
3.940000 0.190102
3.950000 0.189620
3.960000 0.189141
3.970000 0.188665
3.980000 0.188191
3.990000 0.187719
4.000000 0.187250
4.010000 0.186783
4.020000 0.186318
4.030000 0.185856
4.040000 0.185396
4.050000 0.184938
4.060000 0.184483
4.070000 0.184029
4.080000 0.183578
4.090000 0.183130
4.100000 0.182683
4.110000 0.182238
4.120000 0.181796
4.130000 0.181356
4.140000 0.180918
4.150000 0.180482
4.160000 0.180048
4.170000 0.179616
4.180000 0.179187
4.190000 0.178759
4.200000 0.178333
4.210000 0.177910
4.220000 0.177488
4.230000 0.177069
4.240000 0.176651
4.250000 0.176235
4.260000 0.175822
4.270000 0.175410
4.280000 0.175000
4.290000 0.174592
4.300000 0.174186
4.310000 0.173782
4.320000 0.173380
4.330000 0.172979
4.340000 0.172581
4.350000 0.172184
4.360000 0.171789
4.370000 0.171396
4.380000 0.171005
4.390000 0.170615
4.400000 0.170227
4.410000 0.169841
4.420000 0.169457
4.430000 0.169074
4.440000 0.168694
4.450000 0.168315
4.460000 0.167937
4.470000 0.167562
4.480000 0.167187
4.490000 0.166815
4.500000 0.166444
4.510000 0.166075
4.520000 0.165708
4.530000 0.165342
4.540000 0.164978
4.550000 0.164615
4.560000 0.164254
4.570000 0.163895
4.580000 0.163537
4.590000 0.163181
4.600000 0.162826
4.610000 0.162473
4.620000 0.162121
4.630000 0.161771
4.640000 0.161422
4.650000 0.161075
4.660000 0.160730
4.670000 0.160385
4.680000 0.160043
4.690000 0.159701
4.700000 0.159362
4.710000 0.159023
4.720000 0.158686
4.730000 0.158351
4.740000 0.158017
4.750000 0.157684
4.760000 0.157353
4.770000 0.157023
4.780000 0.156695
4.790000 0.156367
4.800000 0.156042
4.810000 0.155717
4.820000 0.155394
4.830000 0.155072
4.840000 0.154752
4.850000 0.154433
4.860000 0.154115
4.870000 0.153799
4.880000 0.153484
4.890000 0.153170
4.900000 0.152857
4.910000 0.152546
4.920000 0.152236
4.930000 0.151927
4.940000 0.151619
4.950000 0.151313
4.960000 0.151008
4.970000 0.150704
4.980000 0.150402
4.990000 0.150100
5.000000 0.149800
5.010000 0.149501
5.020000 0.149203
5.030000 0.148907
5.040000 0.148611
5.050000 0.148317
5.060000 0.148024
5.070000 0.147732
5.080000 0.147441
5.090000 0.147151
5.100000 0.146863
5.110000 0.146575
5.120000 0.146289
5.130000 0.146004
5.140000 0.145720
5.150000 0.145437
5.160000 0.145155
5.170000 0.144874
5.180000 0.144595
5.190000 0.144316
5.200000 0.144038
5.210000 0.143762
5.220000 0.143487
5.230000 0.143212
5.240000 0.142939
5.250000 0.142667
5.260000 0.142395
5.270000 0.142125
5.280000 0.141856
5.290000 0.141588
5.300000 0.141321
5.310000 0.141055
5.320000 0.140789
5.330000 0.140525
5.340000 0.140262
5.350000 0.140000
5.360000 0.139739
5.370000 0.139479
5.380000 0.139219
5.390000 0.138961
5.400000 0.138704
5.410000 0.138447
5.420000 0.138192
5.430000 0.137937
5.440000 0.137684
5.450000 0.137431
5.460000 0.137179
5.470000 0.136929
5.480000 0.136679
5.490000 0.136430
5.500000 0.136182
5.510000 0.135935
5.520000 0.135688
5.530000 0.135443
5.540000 0.135199
5.550000 0.134955
5.560000 0.134712
5.570000 0.134470
5.580000 0.134229
5.590000 0.133989
5.600000 0.133750
5.610000 0.133512
5.620000 0.133274
5.630000 0.133037
5.640000 0.132801
5.650000 0.132566
5.660000 0.132332
5.670000 0.132099
5.680000 0.131866
5.690000 0.131634
5.700000 0.131404
5.710000 0.131173
5.720000 0.130944
5.730000 0.130716
5.740000 0.130488
5.750000 0.130261
5.760000 0.130035
5.770000 0.129809
5.780000 0.129585
5.790000 0.129361
5.800000 0.129138
5.810000 0.128916
5.820000 0.128694
5.830000 0.128473
5.840000 0.128253
5.850000 0.128034
5.860000 0.127816
5.870000 0.127598
5.880000 0.127381
5.890000 0.127165
5.900000 0.126949
5.910000 0.126734
5.920000 0.126520
5.930000 0.126307
5.940000 0.126094
5.950000 0.125882
5.960000 0.125671
5.970000 0.125461
5.980000 0.125251
5.990000 0.125042
